50 623
0 3
0 6
0 13
0 14
0 15
0 16
0 18
0 21
0 22
0 24
0 25
0 26
0 27
0 28
0 31
0 32
0 34
0 36
0 38
0 41
0 44
1 4
1 5
1 13
1 14
1 16
1 18
1 19
1 21
1 23
1 24
1 25
1 27
1 28
1 30
1 32
1 34
1 35
1 37
1 38
1 39
1 41
1 42
1 43
1 47
1 49
2 5
2 8
2 9
2 10
2 11
2 13
2 14
2 20
2 21
2 31
2 32
2 38
2 41
2 42
2 43
2 44
2 49
3 0
3 4
3 5
3 6
3 10
3 11
3 12
3 19
3 20
3 23
3 24
3 26
3 29
3 31
3 32
3 34
3 35
3 37
3 38
3 40
3 41
3 42
3 45
3 47
3 49
4 1
4 3
4 7
4 9
4 10
4 12
4 13
4 15
4 16
4 17
4 18
4 20
4 23
4 25
4 27
4 31
4 32
4 34
4 36
4 37
4 38
4 42
4 43
4 45
4 46
4 47
4 48
4 49
5 1
5 2
5 3
5 6
5 7
5 10
5 11
5 12
5 14
5 15
5 16
5 17
5 19
5 23
5 24
5 28
5 29
5 32
5 33
5 35
5 36
5 39
5 40
5 42
5 44
5 45
5 48
5 49
6 0
6 3
6 5
6 8
6 10
6 11
6 12
6 15
6 17
6 18
6 19
6 21
6 22
6 23
6 26
6 27
6 28
6 29
6 31
6 33
6 35
6 37
6 38
6 40
6 42
6 46
6 47
6 48
6 49
7 4
7 5
7 8
7 17
7 20
7 21
7 23
7 24
7 27
7 29
7 30
7 33
7 35
7 36
7 37
7 38
7 40
7 41
7 45
7 47
7 48
7 49
8 2
8 6
8 7
8 9
8 10
8 12
8 13
8 15
8 17
8 18
8 19
8 21
8 23
8 24
8 27
8 29
8 30
8 32
8 34
8 36
8 37
8 39
8 44
8 45
9 2
9 4
9 8
9 12
9 13
9 18
9 20
9 21
9 22
9 23
9 28
9 30
9 31
9 33
9 35
9 37
9 38
9 40
9 43
9 45
9 46
9 47
9 48
9 49
10 2
10 3
10 4
10 5
10 6
10 8
10 11
10 13
10 14
10 15
10 16
10 17
10 23
10 24
10 25
10 26
10 27
10 30
10 31
10 32
10 33
10 34
10 40
10 41
10 47
10 48
10 49
11 2
11 3
11 5
11 6
11 10
11 14
11 16
11 19
11 21
11 26
11 27
11 28
11 33
11 34
11 37
11 39
11 44
11 47
12 3
12 4
12 5
12 6
12 8
12 9
12 14
12 16
12 18
12 21
12 22
12 24
12 29
12 31
12 32
12 34
12 35
12 36
12 37
12 38
12 40
12 41
12 43
12 46
13 0
13 1
13 2
13 4
13 8
13 9
13 10
13 14
13 18
13 19
13 20
13 21
13 24
13 25
13 29
13 30
13 32
13 33
13 35
13 39
13 40
13 43
14 0
14 1
14 2
14 5
14 10
14 11
14 12
14 13
14 15
14 16
14 17
14 21
14 22
14 25
14 26
14 27
14 28
14 29
14 31
14 32
14 33
14 35
14 36
14 42
14 47
14 48
14 49
15 0
15 4
15 5
15 6
15 8
15 10
15 14
15 16
15 17
15 18
15 20
15 23
15 24
15 25
15 28
15 29
15 30
15 31
15 35
15 36
15 38
15 39
15 40
15 41
15 42
15 43
15 44
15 45
15 46
15 47
15 48
15 49
16 0
16 1
16 4
16 5
16 10
16 11
16 12
16 14
16 15
16 18
16 19
16 21
16 22
16 23
16 25
16 28
16 29
16 31
16 33
16 34
16 35
16 42
16 43
16 45
17 4
17 5
17 6
17 7
17 8
17 10
17 14
17 15
17 18
17 19
17 21
17 22
17 25
17 27
17 29
17 30
17 31
17 32
17 35
17 37
17 38
17 42
17 43
17 45
17 46
17 48
18 0
18 1
18 4
18 6
18 8
18 9
18 12
18 13
18 15
18 16
18 17
18 19
18 22
18 23
18 25
18 26
18 29
18 30
18 36
18 37
18 46
18 47
18 48
18 49
19 1
19 3
19 5
19 6
19 8
19 11
19 13
19 16
19 17
19 18
19 23
19 24
19 25
19 27
19 28
19 29
19 30
19 33
19 36
19 37
19 38
19 39
19 40
19 43
19 45
19 46
19 47
19 48
19 49
20 2
20 3
20 4
20 7
20 9
20 13
20 15
20 21
20 24
20 25
20 29
20 30
20 33
20 37
20 38
20 41
20 43
20 44
20 47
20 49
21 0
21 1
21 2
21 6
21 7
21 8
21 9
21 11
21 12
21 13
21 14
21 16
21 17
21 20
21 23
21 26
21 28
21 30
21 31
21 32
21 38
21 40
21 42
21 43
21 48
22 0
22 6
22 9
22 12
22 14
22 16
22 17
22 18
22 23
22 24
22 26
22 29
22 33
22 37
22 40
22 41
22 43
22 45
22 47
23 1
23 3
23 4
23 5
23 6
23 7
23 8
23 9
23 10
23 15
23 16
23 18
23 19
23 21
23 22
23 27
23 28
23 31
23 32
23 33
23 34
23 39
23 40
23 42
23 43
23 44
23 46
23 47
23 48
23 49
24 0
24 1
24 3
24 5
24 7
24 8
24 10
24 12
24 13
24 15
24 19
24 20
24 22
24 25
24 28
24 31
24 33
24 36
24 37
24 42
24 43
24 44
24 45
24 46
24 48
25 0
25 1
25 4
25 10
25 13
25 14
25 15
25 16
25 17
25 18
25 19
25 20
25 24
25 26
25 27
25 28
25 30
25 34
25 35
25 37
25 38
25 40
25 41
25 42
25 43
25 45
25 46
25 48
25 49
26 0
26 3
26 6
26 10
26 11
26 14
26 18
26 21
26 22
26 25
26 27
26 28
26 29
26 36
26 37
26 39
26 40
26 41
26 44
26 45
26 46
26 47
26 49
27 0
27 1
27 4
27 6
27 7
27 8
27 10
27 11
27 14
27 17
27 19
27 23
27 25
27 26
27 29
27 31
27 36
27 39
27 40
27 41
27 45
27 46
27 47
27 48
28 0
28 1
28 5
28 6
28 9
28 11
28 14
28 15
28 16
28 19
28 21
28 23
28 24
28 25
28 26
28 30
28 31
28 32
28 36
28 37
28 38
28 39
28 40
28 41
28 42
28 43
28 44
28 46
28 48
29 3
29 5
29 6
29 7
29 8
29 12
29 13
29 14
29 15
29 16
29 17
29 18
29 19
29 20
29 22
29 26
29 27
29 31
29 35
29 37
29 39
29 40
29 42
29 44
29 45
29 48
30 1
30 7
30 8
30 9
30 10
30 13
30 15
30 17
30 18
30 19
30 20
30 21
30 25
30 28
30 35
30 37
30 38
30 39
30 40
30 41
30 42
30 43
30 48
30 49
31 0
31 2
31 3
31 4
31 6
31 9
31 10
31 12
31 14
31 15
31 16
31 17
31 21
31 23
31 24
31 27
31 28
31 29
31 34
31 35
31 36
31 38
31 40
31 41
31 42
31 46
31 47
31 49
32 0
32 1
32 2
32 3
32 4
32 5
32 8
32 10
32 12
32 13
32 14
32 17
32 21
32 23
32 28
32 34
32 36
32 37
32 38
32 43
32 44
32 45
32 49
33 5
33 6
33 7
33 9
33 10
33 11
33 13
33 14
33 16
33 19
33 20
33 22
33 23
33 24
33 35
33 36
33 37
33 39
33 41
33 42
33 45
33 47
34 0
34 1
34 3
34 4
34 8
34 10
34 11
34 12
34 16
34 23
34 25
34 31
34 32
34 38
34 39
34 40
34 44
34 45
34 46
34 49
35 1
35 3
35 5
35 6
35 7
35 9
35 12
35 13
35 14
35 15
35 16
35 17
35 25
35 29
35 30
35 31
35 33
35 36
35 37
35 41
35 42
35 44
35 46
35 48
35 49
36 0
36 4
36 5
36 7
36 8
36 12
36 14
36 15
36 18
36 19
36 24
36 26
36 27
36 28
36 31
36 32
36 33
36 35
36 37
36 40
36 43
36 44
36 49
37 1
37 3
37 4
37 6
37 7
37 8
37 9
37 11
37 12
37 17
37 18
37 19
37 20
37 22
37 24
37 25
37 26
37 28
37 29
37 30
37 32
37 33
37 35
37 36
37 38
37 39
37 40
37 41
37 42
37 44
37 46
37 47
37 49
38 0
38 1
38 2
38 3
38 4
38 6
38 7
38 9
38 12
38 15
38 17
38 19
38 20
38 21
38 25
38 28
38 30
38 31
38 32
38 34
38 37
38 39
38 41
38 42
38 45
39 1
39 5
39 8
39 11
39 13
39 15
39 19
39 23
39 26
39 27
39 28
39 29
39 30
39 33
39 34
39 37
39 38
39 40
39 41
39 45
39 48
39 49
40 3
40 5
40 6
40 7
40 9
40 10
40 12
40 13
40 15
40 19
40 21
40 22
40 23
40 25
40 26
40 27
40 28
40 29
40 30
40 31
40 34
40 36
40 37
40 39
40 45
40 47
41 0
41 1
41 2
41 3
41 7
41 10
41 12
41 15
41 20
41 22
41 25
41 26
41 27
41 28
41 30
41 31
41 33
41 35
41 37
41 38
41 39
41 44
41 46
41 47
41 48
41 49
42 1
42 2
42 3
42 4
42 5
42 6
42 14
42 15
42 16
42 17
42 21
42 23
42 24
42 25
42 28
42 29
42 30
42 31
42 33
42 35
42 37
42 38
42 43
42 44
42 46
42 47
43 1
43 2
43 4
43 9
43 12
43 13
43 15
43 16
43 17
43 19
43 20
43 21
43 22
43 23
43 24
43 25
43 28
43 30
43 32
43 36
43 42
43 44
43 45
43 46
43 47
43 48
44 0
44 2
44 5
44 8
44 11
44 15
44 20
44 23
44 24
44 26
44 28
44 29
44 32
44 34
44 35
44 36
44 37
44 41
44 42
44 43
44 45
44 46
44 48
45 3
45 4
45 5
45 7
45 8
45 9
45 15
45 16
45 17
45 19
45 22
45 24
45 25
45 26
45 27
45 29
45 32
45 33
45 34
45 38
45 39
45 40
45 43
45 44
45 49
46 4
46 6
46 9
46 12
46 15
46 17
46 18
46 19
46 23
46 24
46 25
46 26
46 27
46 28
46 31
46 34
46 35
46 37
46 41
46 42
46 43
46 44
46 48
47 1
47 3
47 4
47 6
47 7
47 9
47 10
47 11
47 14
47 15
47 18
47 19
47 20
47 22
47 23
47 26
47 27
47 31
47 33
47 37
47 40
47 41
47 42
47 43
47 49
48 4
48 5
48 6
48 7
48 9
48 10
48 14
48 15
48 17
48 18
48 19
48 21
48 23
48 24
48 25
48 27
48 28
48 29
48 30
48 35
48 39
48 41
48 43
48 44
48 46
48 49
49 1
49 2
49 3
49 4
49 5
49 6
49 7
49 9
49 10
49 14
49 15
49 18
49 19
49 20
49 23
49 25
49 26
49 30
49 31
49 32
49 34
49 35
49 36
49 37
49 39
49 41
49 45
49 47
49 48
-1 -1