150 6736
0 2
0 4
0 5
0 6
0 7
0 8
0 9
0 11
0 12
0 14
0 17
0 19
0 21
0 23
0 24
0 26
0 29
0 30
0 31
0 38
0 39
0 40
0 43
0 44
0 45
0 50
0 51
0 52
0 53
0 54
0 56
0 58
0 59
0 60
0 63
0 65
0 68
0 71
0 72
0 73
0 75
0 77
0 78
0 80
0 81
0 82
0 86
0 87
0 88
0 89
0 90
0 91
0 92
0 93
0 95
0 96
0 98
0 99
0 100
0 102
0 104
0 105
0 106
0 107
0 112
0 114
0 115
0 120
0 122
0 123
0 124
0 125
0 128
0 129
0 135
0 136
0 137
0 139
0 140
0 142
0 143
0 144
0 145
0 146
0 147
1 2
1 3
1 5
1 6
1 7
1 9
1 11
1 12
1 14
1 16
1 18
1 19
1 20
1 21
1 22
1 23
1 24
1 26
1 27
1 29
1 31
1 32
1 33
1 34
1 35
1 36
1 39
1 40
1 41
1 42
1 43
1 44
1 46
1 47
1 49
1 50
1 52
1 53
1 55
1 56
1 59
1 62
1 65
1 67
1 68
1 70
1 71
1 73
1 74
1 75
1 76
1 77
1 78
1 80
1 83
1 85
1 86
1 88
1 93
1 96
1 97
1 100
1 101
1 103
1 104
1 105
1 107
1 108
1 109
1 110
1 112
1 115
1 117
1 120
1 121
1 124
1 125
1 126
1 128
1 129
1 132
1 135
1 137
1 139
1 140
1 141
1 142
1 143
1 144
1 145
1 146
1 147
1 148
1 149
2 0
2 1
2 7
2 8
2 9
2 10
2 13
2 14
2 16
2 17
2 18
2 21
2 23
2 24
2 27
2 28
2 29
2 30
2 31
2 34
2 36
2 37
2 38
2 39
2 43
2 45
2 46
2 47
2 48
2 49
2 50
2 51
2 53
2 54
2 55
2 56
2 57
2 59
2 60
2 61
2 62
2 63
2 64
2 65
2 67
2 68
2 69
2 70
2 71
2 75
2 77
2 80
2 81
2 83
2 86
2 88
2 89
2 91
2 93
2 94
2 96
2 97
2 98
2 100
2 103
2 104
2 106
2 107
2 108
2 111
2 112
2 113
2 114
2 115
2 117
2 119
2 120
2 121
2 122
2 123
2 124
2 127
2 128
2 130
2 134
2 136
2 137
2 138
2 140
2 141
2 142
2 144
2 145
2 148
2 149
3 1
3 10
3 11
3 12
3 13
3 16
3 17
3 18
3 19
3 20
3 21
3 22
3 23
3 25
3 26
3 27
3 28
3 29
3 33
3 34
3 35
3 36
3 38
3 39
3 40
3 41
3 45
3 47
3 50
3 52
3 53
3 54
3 56
3 58
3 59
3 63
3 66
3 67
3 68
3 70
3 72
3 73
3 74
3 75
3 77
3 78
3 80
3 82
3 84
3 87
3 90
3 91
3 92
3 94
3 96
3 97
3 99
3 100
3 104
3 105
3 107
3 108
3 110
3 111
3 112
3 113
3 114
3 118
3 120
3 121
3 123
3 124
3 127
3 133
3 134
3 136
3 138
3 139
3 140
3 143
3 147
3 149
4 0
4 6
4 8
4 11
4 12
4 15
4 16
4 18
4 19
4 20
4 22
4 24
4 26
4 29
4 31
4 32
4 34
4 37
4 38
4 39
4 40
4 41
4 44
4 46
4 48
4 50
4 52
4 55
4 58
4 60
4 62
4 63
4 64
4 65
4 67
4 72
4 73
4 74
4 76
4 77
4 80
4 81
4 82
4 83
4 86
4 92
4 94
4 95
4 96
4 97
4 98
4 99
4 100
4 101
4 102
4 103
4 107
4 109
4 110
4 111
4 112
4 113
4 115
4 117
4 119
4 120
4 121
4 122
4 123
4 124
4 126
4 128
4 132
4 133
4 135
4 136
4 138
4 139
4 140
4 141
4 143
4 144
4 146
4 147
4 148
5 0
5 1
5 6
5 8
5 9
5 12
5 13
5 14
5 17
5 21
5 22
5 23
5 24
5 26
5 28
5 29
5 31
5 33
5 34
5 35
5 38
5 39
5 40
5 44
5 46
5 48
5 49
5 50
5 51
5 52
5 53
5 54
5 55
5 56
5 57
5 59
5 60
5 61
5 62
5 63
5 64
5 65
5 66
5 67
5 68
5 69
5 73
5 76
5 77
5 78
5 79
5 80
5 81
5 83
5 84
5 85
5 86
5 87
5 88
5 89
5 90
5 94
5 95
5 102
5 104
5 107
5 108
5 109
5 110
5 111
5 112
5 115
5 116
5 118
5 123
5 124
5 126
5 127
5 129
5 130
5 132
5 133
5 134
5 135
5 136
5 137
5 139
5 140
5 142
5 143
5 144
5 145
5 146
5 148
6 0
6 1
6 4
6 5
6 7
6 10
6 16
6 18
6 19
6 20
6 21
6 22
6 24
6 26
6 27
6 29
6 31
6 33
6 35
6 36
6 37
6 38
6 40
6 42
6 43
6 44
6 45
6 46
6 47
6 48
6 50
6 51
6 52
6 53
6 55
6 56
6 57
6 60
6 62
6 63
6 64
6 65
6 66
6 70
6 71
6 72
6 73
6 74
6 75
6 78
6 79
6 80
6 84
6 85
6 86
6 87
6 88
6 90
6 93
6 94
6 95
6 96
6 99
6 101
6 103
6 105
6 106
6 109
6 110
6 112
6 114
6 117
6 118
6 120
6 121
6 122
6 123
6 125
6 127
6 129
6 130
6 131
6 132
6 133
6 134
6 136
6 137
6 139
6 142
6 143
6 144
7 0
7 1
7 2
7 6
7 8
7 10
7 11
7 12
7 18
7 19
7 21
7 22
7 23
7 24
7 25
7 26
7 27
7 30
7 33
7 34
7 35
7 38
7 39
7 40
7 41
7 42
7 43
7 44
7 46
7 48
7 50
7 51
7 54
7 55
7 58
7 59
7 60
7 65
7 66
7 67
7 68
7 69
7 72
7 74
7 77
7 80
7 81
7 82
7 83
7 84
7 85
7 86
7 87
7 89
7 92
7 98
7 99
7 101
7 102
7 103
7 105
7 107
7 108
7 110
7 111
7 112
7 114
7 116
7 119
7 120
7 121
7 122
7 123
7 125
7 126
7 128
7 129
7 130
7 132
7 133
7 137
7 141
7 142
7 143
7 148
8 0
8 2
8 4
8 5
8 7
8 10
8 11
8 12
8 14
8 15
8 16
8 18
8 22
8 24
8 25
8 26
8 27
8 28
8 29
8 30
8 33
8 34
8 35
8 36
8 41
8 44
8 45
8 46
8 47
8 48
8 54
8 56
8 57
8 58
8 60
8 61
8 62
8 64
8 65
8 66
8 72
8 73
8 76
8 79
8 80
8 81
8 84
8 86
8 87
8 88
8 89
8 93
8 96
8 97
8 99
8 101
8 102
8 103
8 104
8 108
8 109
8 110
8 111
8 112
8 113
8 114
8 115
8 116
8 119
8 123
8 124
8 125
8 126
8 128
8 129
8 130
8 134
8 135
8 136
8 138
8 140
8 144
8 145
8 148
9 0
9 1
9 2
9 5
9 10
9 11
9 12
9 14
9 15
9 16
9 17
9 19
9 25
9 27
9 29
9 30
9 32
9 34
9 36
9 40
9 41
9 43
9 44
9 49
9 50
9 52
9 53
9 54
9 55
9 56
9 57
9 58
9 59
9 60
9 62
9 63
9 64
9 66
9 69
9 72
9 78
9 79
9 80
9 82
9 83
9 84
9 87
9 90
9 93
9 94
9 95
9 96
9 97
9 98
9 99
9 101
9 106
9 108
9 109
9 110
9 111
9 112
9 113
9 114
9 120
9 122
9 123
9 124
9 125
9 126
9 127
9 128
9 132
9 134
9 137
9 141
9 142
9 143
9 144
9 145
9 147
9 148
9 149
10 2
10 3
10 6
10 7
10 8
10 9
10 11
10 12
10 13
10 15
10 16
10 17
10 18
10 20
10 22
10 24
10 25
10 26
10 27
10 28
10 29
10 30
10 33
10 34
10 35
10 41
10 43
10 44
10 45
10 48
10 52
10 54
10 56
10 57
10 58
10 59
10 61
10 62
10 63
10 66
10 67
10 68
10 70
10 74
10 75
10 76
10 77
10 80
10 81
10 82
10 85
10 89
10 91
10 93
10 95
10 97
10 100
10 101
10 104
10 105
10 106
10 108
10 111
10 113
10 115
10 117
10 119
10 123
10 125
10 126
10 128
10 129
10 135
10 136
10 139
10 141
10 143
10 146
10 147
11 0
11 1
11 3
11 4
11 7
11 8
11 9
11 10
11 15
11 18
11 21
11 22
11 23
11 29
11 30
11 31
11 32
11 34
11 36
11 41
11 42
11 43
11 44
11 45
11 48
11 51
11 52
11 53
11 55
11 56
11 57
11 58
11 59
11 63
11 64
11 67
11 68
11 71
11 76
11 78
11 79
11 80
11 83
11 84
11 85
11 86
11 87
11 88
11 90
11 91
11 92
11 94
11 96
11 100
11 101
11 103
11 104
11 108
11 111
11 113
11 116
11 117
11 118
11 119
11 120
11 123
11 124
11 125
11 126
11 127
11 130
11 131
11 132
11 133
11 134
11 135
11 137
11 138
11 140
11 141
11 142
11 144
11 145
11 146
11 147
11 148
11 149
12 0
12 1
12 3
12 4
12 5
12 7
12 8
12 9
12 10
12 14
12 17
12 18
12 19
12 20
12 22
12 23
12 24
12 25
12 26
12 29
12 30
12 31
12 32
12 34
12 35
12 36
12 37
12 38
12 40
12 41
12 42
12 43
12 44
12 46
12 48
12 49
12 51
12 52
12 53
12 54
12 55
12 56
12 58
12 60
12 61
12 62
12 63
12 69
12 70
12 74
12 75
12 76
12 77
12 78
12 79
12 80
12 83
12 84
12 85
12 86
12 88
12 89
12 90
12 93
12 94
12 95
12 97
12 99
12 100
12 101
12 102
12 103
12 104
12 106
12 108
12 112
12 114
12 115
12 116
12 117
12 118
12 120
12 122
12 123
12 124
12 127
12 129
12 130
12 132
12 134
12 137
12 138
12 139
12 143
12 144
12 145
12 149
13 2
13 3
13 5
13 10
13 14
13 15
13 17
13 19
13 20
13 22
13 23
13 24
13 25
13 27
13 28
13 31
13 32
13 34
13 36
13 37
13 38
13 40
13 41
13 42
13 43
13 44
13 46
13 49
13 50
13 52
13 57
13 58
13 59
13 60
13 61
13 62
13 63
13 66
13 67
13 68
13 69
13 71
13 74
13 75
13 77
13 78
13 79
13 80
13 81
13 87
13 88
13 89
13 92
13 97
13 98
13 99
13 100
13 101
13 102
13 104
13 106
13 107
13 108
13 109
13 111
13 115
13 116
13 118
13 120
13 121
13 122
13 124
13 125
13 126
13 133
13 135
13 136
13 139
13 140
13 142
13 143
13 144
13 145
14 0
14 1
14 2
14 5
14 8
14 9
14 12
14 13
14 17
14 18
14 19
14 22
14 23
14 24
14 25
14 26
14 28
14 29
14 30
14 31
14 32
14 33
14 35
14 37
14 39
14 41
14 42
14 43
14 45
14 47
14 49
14 50
14 51
14 54
14 56
14 57
14 58
14 59
14 61
14 62
14 63
14 64
14 65
14 66
14 69
14 72
14 74
14 75
14 76
14 77
14 80
14 81
14 82
14 83
14 85
14 87
14 88
14 89
14 90
14 91
14 92
14 94
14 95
14 96
14 98
14 100
14 101
14 104
14 105
14 106
14 107
14 108
14 110
14 112
14 113
14 114
14 115
14 117
14 118
14 119
14 120
14 121
14 122
14 125
14 126
14 128
14 129
14 130
14 131
14 132
14 134
14 135
14 137
14 138
14 139
14 141
14 143
14 144
14 145
14 146
14 147
14 149
15 4
15 8
15 9
15 10
15 11
15 13
15 16
15 19
15 21
15 23
15 24
15 26
15 27
15 28
15 30
15 31
15 33
15 34
15 37
15 38
15 40
15 43
15 44
15 48
15 50
15 52
15 53
15 55
15 56
15 57
15 58
15 62
15 66
15 67
15 68
15 69
15 70
15 71
15 72
15 74
15 76
15 78
15 79
15 80
15 81
15 83
15 84
15 85
15 86
15 87
15 88
15 89
15 90
15 92
15 95
15 97
15 98
15 100
15 101
15 103
15 104
15 106
15 109
15 110
15 112
15 115
15 117
15 119
15 121
15 122
15 123
15 124
15 127
15 130
15 134
15 135
15 136
15 137
15 138
15 140
15 142
15 143
15 144
15 145
15 146
16 1
16 2
16 3
16 4
16 6
16 8
16 9
16 10
16 15
16 17
16 19
16 20
16 22
16 24
16 25
16 26
16 27
16 28
16 34
16 35
16 37
16 40
16 41
16 42
16 43
16 45
16 46
16 47
16 49
16 54
16 55
16 57
16 58
16 59
16 60
16 62
16 63
16 64
16 65
16 66
16 69
16 70
16 72
16 73
16 74
16 76
16 78
16 79
16 80
16 81
16 83
16 85
16 88
16 89
16 90
16 91
16 93
16 96
16 99
16 101
16 102
16 103
16 104
16 106
16 108
16 109
16 111
16 114
16 115
16 118
16 120
16 121
16 123
16 124
16 126
16 127
16 130
16 131
16 132
16 133
16 135
16 138
16 141
16 143
16 144
16 145
16 146
16 147
17 0
17 2
17 3
17 5
17 9
17 10
17 12
17 13
17 14
17 16
17 18
17 20
17 21
17 23
17 24
17 25
17 27
17 28
17 29
17 33
17 34
17 35
17 36
17 38
17 42
17 43
17 44
17 46
17 47
17 48
17 49
17 51
17 53
17 54
17 56
17 57
17 60
17 61
17 62
17 63
17 64
17 65
17 66
17 71
17 72
17 73
17 74
17 75
17 76
17 77
17 78
17 80
17 82
17 86
17 91
17 93
17 95
17 97
17 99
17 100
17 102
17 105
17 107
17 108
17 109
17 111
17 115
17 116
17 117
17 120
17 121
17 126
17 127
17 132
17 133
17 135
17 137
17 139
17 140
17 141
17 142
17 143
17 144
17 145
18 1
18 2
18 3
18 4
18 6
18 7
18 8
18 10
18 11
18 12
18 14
18 17
18 20
18 21
18 22
18 24
18 25
18 28
18 29
18 30
18 31
18 32
18 33
18 35
18 36
18 40
18 41
18 43
18 44
18 49
18 50
18 52
18 55
18 56
18 59
18 60
18 61
18 62
18 63
18 65
18 69
18 72
18 73
18 74
18 75
18 76
18 78
18 79
18 81
18 82
18 84
18 86
18 87
18 88
18 94
18 95
18 96
18 98
18 102
18 105
18 106
18 107
18 108
18 110
18 111
18 112
18 114
18 118
18 119
18 120
18 122
18 123
18 124
18 125
18 127
18 128
18 129
18 132
18 134
18 135
18 136
18 139
18 141
18 142
18 143
18 144
18 145
18 146
18 147
18 148
18 149
19 0
19 1
19 3
19 4
19 6
19 7
19 9
19 12
19 13
19 14
19 15
19 16
19 20
19 21
19 22
19 23
19 25
19 27
19 28
19 30
19 31
19 32
19 33
19 34
19 36
19 38
19 40
19 41
19 42
19 43
19 44
19 46
19 49
19 51
19 55
19 60
19 62
19 63
19 69
19 70
19 72
19 73
19 76
19 77
19 78
19 79
19 80
19 83
19 84
19 86
19 87
19 90
19 92
19 94
19 95
19 97
19 98
19 101
19 102
19 103
19 104
19 107
19 109
19 110
19 111
19 112
19 116
19 117
19 120
19 121
19 122
19 123
19 124
19 125
19 127
19 129
19 132
19 133
19 135
19 137
19 139
19 141
19 142
19 143
19 144
19 148
19 149
20 1
20 3
20 4
20 6
20 10
20 12
20 13
20 16
20 17
20 18
20 19
20 22
20 24
20 25
20 26
20 27
20 29
20 30
20 31
20 32
20 33
20 35
20 36
20 40
20 41
20 42
20 43
20 44
20 45
20 46
20 48
20 49
20 51
20 52
20 53
20 54
20 55
20 56
20 57
20 58
20 61
20 62
20 63
20 64
20 66
20 67
20 68
20 69
20 70
20 71
20 72
20 73
20 74
20 76
20 79
20 81
20 82
20 87
20 89
20 91
20 92
20 96
20 98
20 101
20 102
20 103
20 104
20 105
20 107
20 109
20 110
20 111
20 115
20 116
20 117
20 118
20 122
20 123
20 124
20 125
20 126
20 129
20 130
20 132
20 133
20 134
20 135
20 138
20 140
20 144
20 145
20 147
20 148
20 149
21 0
21 1
21 2
21 3
21 5
21 6
21 7
21 11
21 15
21 17
21 18
21 19
21 22
21 23
21 25
21 27
21 30
21 31
21 32
21 37
21 38
21 39
21 43
21 46
21 50
21 53
21 56
21 57
21 58
21 59
21 61
21 62
21 65
21 66
21 71
21 74
21 77
21 81
21 82
21 83
21 87
21 90
21 91
21 96
21 97
21 101
21 105
21 106
21 107
21 109
21 111
21 112
21 113
21 114
21 116
21 117
21 118
21 119
21 120
21 121
21 122
21 123
21 124
21 125
21 126
21 127
21 128
21 129
21 131
21 133
21 134
21 136
21 137
21 139
21 140
21 143
21 144
21 145
21 147
21 148
22 1
22 3
22 4
22 5
22 6
22 7
22 8
22 10
22 11
22 12
22 13
22 14
22 16
22 18
22 19
22 20
22 21
22 24
22 25
22 26
22 27
22 28
22 30
22 32
22 37
22 38
22 39
22 43
22 47
22 48
22 49
22 52
22 53
22 54
22 55
22 57
22 58
22 61
22 62
22 63
22 65
22 66
22 67
22 68
22 71
22 73
22 74
22 75
22 76
22 77
22 80
22 81
22 82
22 84
22 85
22 86
22 87
22 88
22 89
22 90
22 91
22 93
22 95
22 97
22 99
22 100
22 102
22 103
22 106
22 109
22 111
22 112
22 113
22 114
22 115
22 116
22 117
22 119
22 120
22 121
22 122
22 124
22 127
22 128
22 130
22 131
22 133
22 138
22 139
22 140
22 141
22 143
22 144
22 145
22 146
22 147
22 148
22 149
23 0
23 1
23 2
23 3
23 5
23 7
23 11
23 12
23 13
23 14
23 15
23 17
23 19
23 21
23 24
23 25
23 29
23 32
23 33
23 34
23 37
23 38
23 39
23 41
23 43
23 45
23 46
23 47
23 48
23 49
23 50
23 51
23 52
23 56
23 58
23 59
23 61
23 62
23 63
23 65
23 67
23 68
23 69
23 70
23 71
23 73
23 76
23 79
23 82
23 84
23 85
23 86
23 87
23 92
23 93
23 95
23 101
23 102
23 106
23 109
23 110
23 111
23 113
23 114
23 115
23 117
23 118
23 120
23 121
23 122
23 124
23 126
23 127
23 128
23 129
23 132
23 133
23 134
23 136
23 138
23 139
23 141
23 143
23 144
23 145
23 147
23 148
23 149
24 0
24 1
24 2
24 4
24 5
24 6
24 7
24 8
24 10
24 12
24 13
24 14
24 15
24 16
24 17
24 18
24 20
24 22
24 23
24 26
24 27
24 29
24 30
24 31
24 32
24 33
24 37
24 38
24 41
24 42
24 45
24 47
24 50
24 51
24 52
24 55
24 58
24 59
24 60
24 61
24 64
24 65
24 70
24 71
24 72
24 74
24 77
24 80
24 81
24 84
24 85
24 86
24 88
24 90
24 91
24 96
24 97
24 98
24 99
24 100
24 101
24 105
24 106
24 112
24 114
24 116
24 117
24 118
24 121
24 122
24 124
24 125
24 127
24 129
24 131
24 133
24 135
24 137
24 138
24 139
24 140
24 141
24 142
24 143
24 144
24 149
25 3
25 7
25 8
25 9
25 10
25 12
25 13
25 14
25 16
25 17
25 18
25 19
25 20
25 21
25 22
25 23
25 28
25 29
25 30
25 31
25 32
25 35
25 36
25 37
25 38
25 39
25 41
25 45
25 47
25 50
25 52
25 53
25 57
25 59
25 60
25 63
25 64
25 66
25 71
25 72
25 73
25 74
25 75
25 77
25 78
25 79
25 80
25 81
25 82
25 85
25 87
25 89
25 92
25 93
25 94
25 95
25 98
25 100
25 101
25 102
25 103
25 106
25 110
25 112
25 114
25 115
25 116
25 118
25 121
25 122
25 123
25 125
25 127
25 131
25 132
25 133
25 134
25 135
25 140
25 141
25 142
25 144
25 145
25 146
25 148
25 149
26 0
26 1
26 3
26 4
26 5
26 6
26 7
26 8
26 10
26 12
26 14
26 15
26 16
26 20
26 22
26 24
26 27
26 28
26 29
26 31
26 33
26 36
26 39
26 42
26 43
26 44
26 46
26 47
26 48
26 49
26 51
26 52
26 53
26 54
26 55
26 58
26 59
26 60
26 61
26 62
26 63
26 65
26 68
26 69
26 70
26 71
26 72
26 73
26 76
26 77
26 81
26 82
26 85
26 87
26 88
26 92
26 93
26 94
26 95
26 96
26 98
26 99
26 100
26 102
26 103
26 107
26 114
26 115
26 116
26 118
26 119
26 120
26 121
26 123
26 125
26 126
26 127
26 129
26 130
26 131
26 132
26 133
26 136
26 137
26 139
26 140
26 141
26 142
26 143
26 145
26 148
26 149
27 1
27 2
27 3
27 6
27 7
27 8
27 9
27 10
27 13
27 15
27 16
27 17
27 19
27 20
27 21
27 22
27 24
27 26
27 28
27 29
27 30
27 32
27 38
27 40
27 41
27 42
27 44
27 46
27 47
27 48
27 49
27 50
27 51
27 52
27 53
27 55
27 56
27 58
27 59
27 64
27 67
27 69
27 73
27 77
27 78
27 81
27 82
27 83
27 89
27 91
27 92
27 94
27 95
27 96
27 97
27 100
27 101
27 102
27 103
27 105
27 106
27 107
27 108
27 109
27 110
27 111
27 113
27 114
27 115
27 117
27 119
27 122
27 124
27 126
27 127
27 129
27 131
27 133
27 134
27 136
27 140
27 144
27 145
27 147
27 148
27 149
28 2
28 3
28 5
28 8
28 10
28 13
28 14
28 15
28 16
28 17
28 18
28 19
28 22
28 25
28 26
28 27
28 30
28 31
28 32
28 33
28 34
28 37
28 40
28 41
28 42
28 44
28 45
28 47
28 48
28 49
28 51
28 55
28 56
28 57
28 59
28 62
28 63
28 66
28 68
28 69
28 70
28 71
28 73
28 74
28 76
28 77
28 78
28 79
28 80
28 81
28 83
28 84
28 85
28 86
28 87
28 94
28 95
28 96
28 97
28 98
28 99
28 100
28 101
28 102
28 103
28 104
28 105
28 107
28 109
28 110
28 113
28 115
28 117
28 118
28 122
28 123
28 124
28 125
28 127
28 129
28 130
28 131
28 133
28 136
28 138
28 139
28 140
28 142
28 143
28 145
28 146
28 147
28 148
29 0
29 1
29 2
29 3
29 4
29 5
29 6
29 8
29 9
29 10
29 11
29 12
29 14
29 17
29 18
29 20
29 23
29 24
29 25
29 26
29 27
29 31
29 32
29 33
29 36
29 38
29 39
29 40
29 45
29 46
29 49
29 50
29 53
29 54
29 55
29 57
29 59
29 61
29 65
29 70
29 71
29 72
29 73
29 75
29 77
29 79
29 82
29 83
29 84
29 85
29 86
29 88
29 89
29 90
29 93
29 94
29 95
29 96
29 97
29 98
29 99
29 102
29 103
29 106
29 107
29 109
29 112
29 113
29 114
29 118
29 119
29 121
29 122
29 123
29 124
29 125
29 128
29 129
29 130
29 133
29 136
29 138
29 139
29 141
29 144
29 145
30 0
30 2
30 7
30 8
30 9
30 10
30 11
30 12
30 14
30 15
30 18
30 19
30 20
30 21
30 22
30 24
30 25
30 27
30 28
30 31
30 32
30 34
30 35
30 36
30 38
30 39
30 41
30 42
30 43
30 44
30 47
30 48
30 49
30 50
30 51
30 52
30 53
30 54
30 55
30 56
30 57
30 70
30 71
30 72
30 73
30 74
30 76
30 78
30 79
30 81
30 82
30 83
30 84
30 85
30 86
30 87
30 90
30 93
30 94
30 97
30 99
30 100
30 101
30 102
30 105
30 108
30 109
30 110
30 112
30 113
30 114
30 118
30 120
30 121
30 127
30 130
30 131
30 132
30 134
30 135
30 136
30 138
30 145
30 147
31 0
31 1
31 2
31 4
31 5
31 6
31 11
31 12
31 13
31 14
31 15
31 18
31 19
31 20
31 21
31 24
31 25
31 26
31 28
31 29
31 30
31 32
31 33
31 34
31 35
31 36
31 37
31 38
31 39
31 40
31 41
31 43
31 47
31 48
31 49
31 50
31 52
31 53
31 54
31 55
31 56
31 58
31 60
31 61
31 62
31 65
31 66
31 68
31 70
31 73
31 75
31 77
31 79
31 82
31 83
31 84
31 85
31 87
31 88
31 89
31 90
31 91
31 92
31 93
31 94
31 95
31 96
31 98
31 99
31 100
31 102
31 103
31 104
31 105
31 106
31 107
31 108
31 109
31 110
31 111
31 112
31 114
31 118
31 119
31 120
31 123
31 125
31 126
31 130
31 131
31 132
31 133
31 134
31 135
31 138
31 140
31 141
31 144
31 145
31 146
31 148
32 1
32 4
32 9
32 11
32 12
32 13
32 14
32 18
32 19
32 20
32 21
32 22
32 23
32 24
32 25
32 27
32 28
32 29
32 30
32 31
32 35
32 36
32 37
32 38
32 39
32 40
32 41
32 42
32 43
32 44
32 46
32 49
32 50
32 51
32 53
32 54
32 57
32 58
32 59
32 60
32 62
32 63
32 64
32 66
32 67
32 68
32 70
32 71
32 72
32 74
32 75
32 76
32 77
32 78
32 79
32 81
32 83
32 84
32 85
32 86
32 87
32 88
32 89
32 90
32 91
32 92
32 93
32 94
32 96
32 97
32 100
32 101
32 102
32 104
32 105
32 106
32 110
32 111
32 112
32 113
32 114
32 115
32 117
32 118
32 119
32 120
32 121
32 123
32 124
32 128
32 130
32 135
32 137
32 145
32 146
32 149
33 1
33 3
33 5
33 6
33 7
33 8
33 10
33 14
33 15
33 17
33 18
33 19
33 20
33 23
33 24
33 26
33 28
33 29
33 31
33 34
33 35
33 36
33 37
33 38
33 40
33 42
33 44
33 47
33 49
33 52
33 53
33 57
33 58
33 61
33 62
33 63
33 64
33 66
33 67
33 68
33 69
33 72
33 73
33 75
33 78
33 79
33 81
33 84
33 86
33 89
33 91
33 92
33 93
33 96
33 98
33 100
33 102
33 103
33 104
33 107
33 108
33 109
33 113
33 114
33 115
33 117
33 118
33 119
33 120
33 123
33 124
33 125
33 126
33 127
33 128
33 129
33 133
33 134
33 135
33 137
33 139
33 140
33 142
33 143
33 144
33 145
33 146
33 147
33 149
34 1
34 2
34 3
34 4
34 5
34 7
34 8
34 9
34 10
34 11
34 12
34 13
34 15
34 16
34 17
34 19
34 23
34 28
34 30
34 31
34 33
34 35
34 37
34 38
34 40
34 41
34 42
34 47
34 48
34 50
34 52
34 54
34 55
34 57
34 59
34 61
34 63
34 69
34 70
34 71
34 73
34 74
34 76
34 79
34 85
34 86
34 88
34 89
34 90
34 91
34 96
34 97
34 98
34 100
34 101
34 102
34 103
34 107
34 108
34 109
34 110
34 111
34 112
34 113
34 116
34 119
34 120
34 122
34 123
34 125
34 126
34 128
34 130
34 131
34 132
34 133
34 134
34 135
34 136
34 137
34 138
34 139
34 142
34 143
34 144
34 145
34 146
34 147
35 1
35 3
35 5
35 6
35 7
35 8
35 10
35 12
35 14
35 16
35 17
35 18
35 20
35 25
35 30
35 31
35 32
35 33
35 34
35 39
35 40
35 45
35 46
35 47
35 48
35 49
35 52
35 53
35 54
35 55
35 56
35 59
35 61
35 62
35 63
35 65
35 67
35 70
35 72
35 75
35 77
35 78
35 82
35 84
35 85
35 86
35 87
35 90
35 93
35 95
35 98
35 101
35 104
35 105
35 106
35 108
35 110
35 111
35 112
35 113
35 116
35 119
35 120
35 121
35 122
35 123
35 124
35 126
35 127
35 128
35 129
35 130
35 131
35 132
35 133
35 134
35 135
35 138
35 139
35 140
35 141
35 142
35 146
35 147
35 148
35 149
36 1
36 2
36 3
36 6
36 8
36 9
36 11
36 12
36 13
36 17
36 18
36 19
36 20
36 25
36 26
36 29
36 30
36 31
36 32
36 33
36 37
36 38
36 40
36 41
36 42
36 44
36 46
36 47
36 49
36 50
36 52
36 53
36 54
36 55
36 56
36 57
36 58
36 60
36 61
36 62
36 63
36 64
36 65
36 66
36 67
36 70
36 71
36 72
36 73
36 74
36 77
36 78
36 82
36 84
36 85
36 87
36 91
36 94
36 95
36 97
36 99
36 100
36 103
36 104
36 105
36 106
36 108
36 109
36 110
36 111
36 112
36 115
36 116
36 118
36 119
36 120
36 123
36 125
36 128
36 130
36 133
36 135
36 136
36 138
36 143
36 144
36 145
36 146
37 2
37 4
37 6
37 12
37 13
37 14
37 15
37 16
37 21
37 22
37 23
37 24
37 25
37 28
37 31
37 32
37 33
37 34
37 36
37 43
37 45
37 49
37 51
37 53
37 55
37 57
37 58
37 60
37 62
37 64
37 65
37 66
37 68
37 70
37 74
37 75
37 79
37 80
37 82
37 84
37 86
37 87
37 89
37 91
37 94
37 98
37 103
37 105
37 108
37 109
37 110
37 111
37 112
37 113
37 115
37 116
37 117
37 118
37 119
37 120
37 121
37 123
37 127
37 128
37 129
37 130
37 131
37 132
37 133
37 135
37 136
37 137
37 140
37 141
37 142
37 143
37 148
38 0
38 2
38 3
38 4
38 5
38 6
38 7
38 12
38 13
38 15
38 17
38 19
38 21
38 22
38 23
38 24
38 25
38 27
38 29
38 30
38 31
38 32
38 33
38 34
38 36
38 39
38 40
38 41
38 44
38 46
38 47
38 48
38 49
38 50
38 51
38 57
38 59
38 60
38 62
38 64
38 65
38 66
38 68
38 69
38 70
38 72
38 73
38 74
38 76
38 77
38 78
38 80
38 81
38 82
38 84
38 85
38 86
38 87
38 89
38 90
38 93
38 94
38 95
38 96
38 97
38 98
38 99
38 100
38 101
38 102
38 103
38 105
38 106
38 107
38 108
38 109
38 110
38 113
38 115
38 116
38 117
38 118
38 119
38 120
38 122
38 123
38 124
38 126
38 127
38 129
38 130
38 132
38 133
38 135
38 137
38 138
38 139
38 140
38 144
38 149
39 0
39 1
39 2
39 3
39 4
39 5
39 7
39 14
39 21
39 22
39 23
39 25
39 26
39 29
39 30
39 31
39 32
39 35
39 38
39 40
39 42
39 43
39 44
39 45
39 46
39 47
39 49
39 54
39 56
39 57
39 61
39 62
39 64
39 65
39 69
39 70
39 71
39 75
39 77
39 79
39 80
39 84
39 85
39 87
39 89
39 90
39 91
39 93
39 96
39 97
39 98
39 99
39 101
39 103
39 104
39 106
39 107
39 109
39 110
39 112
39 114
39 115
39 116
39 117
39 118
39 121
39 122
39 123
39 124
39 126
39 128
39 129
39 130
39 133
39 135
39 136
39 137
39 139
39 141
39 142
39 145
39 147
40 0
40 1
40 3
40 4
40 5
40 6
40 7
40 9
40 12
40 13
40 15
40 16
40 18
40 19
40 20
40 27
40 28
40 29
40 31
40 32
40 33
40 34
40 35
40 36
40 38
40 39
40 42
40 43
40 45
40 46
40 49
40 51
40 52
40 54
40 55
40 56
40 57
40 59
40 60
40 62
40 63
40 64
40 66
40 69
40 70
40 73
40 74
40 76
40 77
40 78
40 79
40 81
40 82
40 83
40 84
40 85
40 87
40 89
40 90
40 91
40 92
40 97
40 98
40 99
40 101
40 104
40 109
40 110
40 111
40 112
40 115
40 116
40 119
40 120
40 121
40 124
40 127
40 130
40 132
40 133
40 136
40 137
40 139
40 140
40 141
40 142
40 143
40 146
40 149
41 1
41 3
41 4
41 7
41 8
41 9
41 10
41 11
41 12
41 13
41 14
41 16
41 18
41 19
41 20
41 23
41 24
41 25
41 27
41 28
41 30
41 31
41 32
41 34
41 36
41 38
41 45
41 46
41 47
41 48
41 49
41 51
41 52
41 53
41 54
41 57
41 58
41 60
41 63
41 67
41 68
41 70
41 72
41 73
41 74
41 75
41 76
41 79
41 81
41 82
41 83
41 84
41 85
41 86
41 87
41 91
41 92
41 93
41 95
41 96
41 98
41 101
41 103
41 106
41 108
41 110
41 112
41 113
41 115
41 119
41 121
41 122
41 123
41 124
41 125
41 127
41 131
41 133
41 134
41 137
41 139
41 140
41 142
41 143
41 144
41 146
41 149
42 1
42 6
42 7
42 11
42 12
42 13
42 14
42 16
42 17
42 19
42 20
42 24
42 26
42 27
42 28
42 30
42 32
42 33
42 34
42 36
42 39
42 40
42 43
42 44
42 45
42 46
42 47
42 51
42 52
42 53
42 55
42 58
42 59
42 61
42 62
42 63
42 65
42 67
42 69
42 71
42 72
42 73
42 75
42 77
42 78
42 81
42 82
42 84
42 86
42 88
42 89
42 90
42 91
42 93
42 96
42 97
42 98
42 99
42 100
42 101
42 102
42 103
42 104
42 105
42 108
42 114
42 118
42 120
42 124
42 125
42 127
42 128
42 129
42 131
42 132
42 133
42 135
42 136
42 137
42 139
42 140
42 142
42 143
42 144
42 146
42 147
42 148
43 0
43 1
43 2
43 6
43 7
43 9
43 10
43 11
43 12
43 13
43 14
43 15
43 16
43 17
43 18
43 19
43 20
43 21
43 22
43 23
43 26
43 30
43 31
43 32
43 37
43 39
43 40
43 42
43 45
43 46
43 47
43 48
43 50
43 52
43 54
43 55
43 56
43 59
43 60
43 61
43 62
43 63
43 64
43 67
43 68
43 70
43 71
43 72
43 74
43 76
43 77
43 78
43 80
43 87
43 89
43 90
43 91
43 92
43 93
43 94
43 95
43 97
43 99
43 100
43 101
43 106
43 110
43 111
43 113
43 114
43 115
43 118
43 119
43 123
43 124
43 125
43 127
43 128
43 129
43 132
43 133
43 136
43 137
43 138
43 139
43 140
43 143
43 145
43 148
44 0
44 1
44 4
44 5
44 6
44 7
44 8
44 9
44 10
44 11
44 12
44 13
44 15
44 17
44 18
44 19
44 20
44 26
44 27
44 28
44 30
44 32
44 33
44 36
44 38
44 39
44 42
44 46
44 47
44 50
44 51
44 52
44 53
44 54
44 55
44 57
44 58
44 59
44 60
44 61
44 63
44 64
44 66
44 69
44 70
44 72
44 76
44 78
44 82
44 83
44 84
44 85
44 86
44 88
44 89
44 90
44 91
44 92
44 93
44 94
44 95
44 96
44 98
44 100
44 102
44 103
44 104
44 105
44 109
44 111
44 113
44 117
44 119
44 120
44 124
44 129
44 132
44 133
44 134
44 136
44 138
44 139
44 140
44 141
44 142
44 143
45 0
45 2
45 3
45 6
45 8
45 10
45 11
45 14
45 16
45 20
45 23
45 24
45 25
45 28
45 29
45 35
45 37
45 39
45 40
45 41
45 42
45 43
45 46
45 47
45 48
45 49
45 50
45 52
45 54
45 56
45 58
45 59
45 60
45 62
45 64
45 66
45 67
45 68
45 70
45 72
45 73
45 75
45 77
45 78
45 80
45 82
45 83
45 88
45 89
45 91
45 92
45 93
45 94
45 95
45 97
45 99
45 100
45 104
45 108
45 109
45 110
45 112
45 114
45 116
45 121
45 123
45 125
45 126
45 128
45 129
45 130
45 131
45 133
45 136
45 137
45 138
45 140
45 141
45 142
45 143
45 144
45 145
45 146
45 148
46 1
46 2
46 4
46 5
46 6
46 7
46 8
46 12
46 13
46 16
46 17
46 19
46 20
46 21
46 23
46 26
46 27
46 29
46 32
46 35
46 36
46 38
46 39
46 40
46 41
46 42
46 43
46 44
46 45
46 47
46 48
46 49
46 51
46 52
46 53
46 54
46 55
46 56
46 57
46 58
46 59
46 61
46 63
46 67
46 69
46 72
46 73
46 75
46 76
46 77
46 78
46 80
46 82
46 85
46 86
46 88
46 89
46 90
46 94
46 95
46 96
46 97
46 102
46 103
46 104
46 105
46 107
46 108
46 109
46 110
46 111
46 117
46 118
46 119
46 123
46 124
46 127
46 128
46 129
46 130
46 131
46 132
46 133
46 134
46 135
46 138
46 139
46 140
46 143
46 145
46 148
46 149
47 1
47 2
47 3
47 6
47 8
47 14
47 16
47 17
47 22
47 23
47 24
47 25
47 26
47 27
47 28
47 30
47 31
47 33
47 34
47 35
47 36
47 38
47 39
47 41
47 42
47 43
47 44
47 45
47 46
47 48
47 49
47 50
47 51
47 52
47 53
47 54
47 55
47 57
47 58
47 60
47 62
47 64
47 65
47 67
47 71
47 72
47 73
47 75
47 78
47 81
47 82
47 83
47 84
47 85
47 86
47 87
47 88
47 89
47 91
47 92
47 93
47 94
47 95
47 97
47 100
47 101
47 102
47 103
47 105
47 108
47 109
47 110
47 111
47 114
47 115
47 116
47 117
47 118
47 122
47 123
47 124
47 127
47 130
47 134
47 135
47 136
47 138
47 139
47 140
47 142
47 143
47 144
47 146
47 147
47 149
48 2
48 4
48 5
48 6
48 7
48 8
48 10
48 11
48 12
48 15
48 17
48 20
48 22
48 23
48 26
48 27
48 28
48 30
48 31
48 34
48 35
48 38
48 41
48 43
48 45
48 46
48 47
48 49
48 51
48 53
48 54
48 55
48 57
48 60
48 63
48 64
48 65
48 68
48 69
48 70
48 72
48 76
48 77
48 78
48 80
48 81
48 82
48 83
48 84
48 85
48 86
48 87
48 89
48 90
48 91
48 93
48 94
48 95
48 98
48 100
48 101
48 102
48 104
48 105
48 106
48 107
48 108
48 113
48 114
48 117
48 118
48 119
48 120
48 121
48 122
48 124
48 126
48 128
48 129
48 130
48 131
48 132
48 134
48 135
48 136
48 137
48 143
48 144
48 148
48 149
49 1
49 2
49 5
49 9
49 12
49 13
49 14
49 16
49 17
49 18
49 19
49 20
49 22
49 23
49 26
49 27
49 28
49 29
49 30
49 31
49 32
49 33
49 35
49 36
49 37
49 38
49 39
49 40
49 41
49 45
49 46
49 47
49 48
49 54
49 56
49 57
49 58
49 59
49 60
49 61
49 65
49 66
49 68
49 69
49 70
49 71
49 72
49 75
49 80
49 81
49 85
49 86
49 88
49 90
49 92
49 93
49 99
49 100
49 102
49 103
49 105
49 106
49 108
49 109
49 110
49 111
49 112
49 114
49 115
49 116
49 118
49 120
49 122
49 123
49 124
49 126
49 128
49 129
49 130
49 132
49 133
49 134
49 136
49 139
49 141
49 142
49 144
49 145
49 146
49 148
49 149
50 0
50 1
50 2
50 3
50 4
50 5
50 6
50 7
50 9
50 13
50 14
50 15
50 18
50 21
50 23
50 24
50 25
50 27
50 29
50 30
50 31
50 32
50 34
50 36
50 38
50 43
50 44
50 45
50 47
50 52
50 53
50 54
50 56
50 57
50 59
50 61
50 63
50 65
50 66
50 69
50 70
50 71
50 72
50 74
50 75
50 76
50 77
50 78
50 79
50 80
50 84
50 86
50 88
50 90
50 93
50 95
50 96
50 97
50 98
50 101
50 102
50 103
50 104
50 105
50 107
50 109
50 112
50 113
50 115
50 117
50 119
50 123
50 125
50 126
50 131
50 132
50 133
50 134
50 138
50 139
50 140
50 141
50 143
50 144
50 145
50 148
50 149
51 0
51 2
51 5
51 6
51 7
51 11
51 12
51 14
51 17
51 19
51 20
51 23
51 24
51 26
51 27
51 28
51 30
51 32
51 37
51 38
51 40
51 41
51 42
51 44
51 46
51 47
51 48
51 52
51 54
51 55
51 57
51 58
51 61
51 63
51 64
51 65
51 66
51 67
51 68
51 69
51 71
51 72
51 73
51 77
51 81
51 82
51 83
51 85
51 86
51 87
51 88
51 92
51 93
51 94
51 95
51 96
51 97
51 98
51 100
51 102
51 103
51 105
51 106
51 107
51 109
51 110
51 111
51 112
51 113
51 117
51 118
51 119
51 120
51 122
51 124
51 127
51 128
51 132
51 135
51 136
51 137
51 138
51 139
51 140
51 141
51 142
51 143
51 144
51 147
51 148
51 149
52 0
52 1
52 3
52 4
52 5
52 6
52 9
52 10
52 11
52 12
52 13
52 15
52 18
52 20
52 22
52 23
52 24
52 25
52 26
52 27
52 30
52 31
52 33
52 34
52 35
52 36
52 40
52 41
52 42
52 43
52 44
52 45
52 46
52 47
52 50
52 51
52 53
52 57
52 58
52 64
52 65
52 67
52 69
52 71
52 73
52 74
52 76
52 77
52 78
52 81
52 82
52 83
52 84
52 86
52 89
52 92
52 93
52 94
52 96
52 97
52 98
52 99
52 100
52 102
52 104
52 105
52 106
52 107
52 109
52 112
52 113
52 114
52 115
52 118
52 120
52 121
52 122
52 123
52 124
52 125
52 132
52 133
52 135
52 138
52 139
52 140
52 141
52 142
52 143
52 144
52 145
52 148
52 149
53 0
53 1
53 2
53 3
53 5
53 6
53 9
53 11
53 12
53 15
53 17
53 20
53 21
53 22
53 25
53 26
53 27
53 29
53 30
53 31
53 32
53 33
53 35
53 36
53 37
53 41
53 42
53 44
53 46
53 47
53 48
53 50
53 52
53 54
53 57
53 58
53 63
53 64
53 65
53 67
53 69
53 70
53 71
53 72
53 73
53 75
53 76
53 78
53 79
53 80
53 81
53 82
53 83
53 86
53 88
53 89
53 93
53 95
53 96
53 99
53 100
53 101
53 102
53 104
53 105
53 106
53 107
53 108
53 109
53 110
53 111
53 114
53 115
53 116
53 117
53 120
53 121
53 123
53 124
53 126
53 127
53 129
53 130
53 132
53 133
53 134
53 139
53 141
53 142
53 143
53 145
53 146
53 147
53 148
53 149
54 0
54 2
54 3
54 5
54 7
54 8
54 9
54 10
54 12
54 14
54 16
54 17
54 20
54 22
54 26
54 29
54 30
54 31
54 32
54 34
54 35
54 36
54 39
54 40
54 41
54 43
54 44
54 45
54 46
54 47
54 48
54 49
54 50
54 51
54 53
54 55
54 56
54 57
54 58
54 59
54 61
54 62
54 66
54 67
54 68
54 70
54 73
54 74
54 75
54 76
54 77
54 78
54 79
54 80
54 81
54 82
54 83
54 85
54 86
54 88
54 89
54 90
54 91
54 92
54 94
54 95
54 101
54 102
54 109
54 110
54 112
54 114
54 115
54 116
54 117
54 119
54 120
54 121
54 122
54 123
54 124
54 125
54 126
54 128
54 129
54 131
54 134
54 135
54 136
54 138
54 139
54 141
54 142
54 143
54 144
54 148
54 149
55 1
55 2
55 4
55 5
55 6
55 7
55 9
55 11
55 12
55 15
55 16
55 18
55 19
55 20
55 22
55 24
55 26
55 27
55 28
55 29
55 30
55 31
55 34
55 35
55 36
55 37
55 40
55 42
55 43
55 44
55 46
55 47
55 48
55 51
55 54
55 56
55 58
55 59
55 60
55 61
55 62
55 63
55 64
55 65
55 66
55 67
55 73
55 74
55 75
55 76
55 77
55 78
55 80
55 81
55 82
55 83
55 85
55 86
55 87
55 88
55 90
55 91
55 92
55 93
55 94
55 96
55 100
55 101
55 102
55 103
55 104
55 109
55 110
55 111
55 115
55 117
55 118
55 119
55 120
55 121
55 122
55 124
55 125
55 126
55 131
55 132
55 133
55 134
55 135
55 136
55 138
55 139
55 141
55 142
55 143
55 145
55 146
55 149
56 0
56 1
56 2
56 3
56 5
56 6
56 8
56 9
56 10
56 11
56 12
56 14
56 15
56 17
56 18
56 20
56 21
56 23
56 27
56 28
56 30
56 31
56 35
56 36
56 39
56 40
56 43
56 45
56 46
56 49
56 50
56 54
56 55
56 57
56 58
56 60
56 61
56 62
56 64
56 66
56 67
56 68
56 70
56 71
56 72
56 73
56 74
56 75
56 77
56 78
56 79
56 81
56 83
56 85
56 86
56 87
56 88
56 90
56 92
56 94
56 95
56 96
56 97
56 100
56 102
56 104
56 105
56 106
56 108
56 109
56 110
56 111
56 113
56 115
56 116
56 119
56 120
56 121
56 123
56 125
56 126
56 127
56 130
56 132
56 133
56 134
56 135
56 136
56 137
56 138
56 140
56 142
56 143
56 145
56 146
56 147
56 148
56 149
57 2
57 5
57 6
57 8
57 9
57 10
57 11
57 13
57 14
57 15
57 16
57 17
57 20
57 21
57 22
57 25
57 28
57 29
57 30
57 32
57 33
57 34
57 36
57 37
57 38
57 39
57 40
57 41
57 44
57 46
57 47
57 48
57 49
57 50
57 51
57 52
57 53
57 54
57 56
57 58
57 61
57 63
57 64
57 66
57 67
57 69
57 71
57 72
57 73
57 74
57 76
57 77
57 78
57 79
57 81
57 82
57 83
57 84
57 86
57 87
57 88
57 89
57 94
57 95
57 96
57 97
57 98
57 99
57 100
57 103
57 104
57 105
57 106
57 107
57 108
57 110
57 111
57 113
57 114
57 115
57 116
57 117
57 118
57 119
57 120
57 121
57 122
57 125
57 126
57 127
57 129
57 130
57 131
57 133
57 134
57 139
57 140
57 141
57 144
57 146
57 147
57 148
57 149
58 0
58 3
58 4
58 7
58 8
58 9
58 10
58 11
58 12
58 13
58 14
58 15
58 16
58 20
58 21
58 22
58 23
58 24
58 26
58 27
58 31
58 32
58 33
58 36
58 37
58 41
58 42
58 44
58 45
58 46
58 47
58 49
58 51
58 52
58 53
58 54
58 55
58 56
58 57
58 59
58 61
58 62
58 65
58 68
58 71
58 72
58 73
58 74
58 75
58 77
58 78
58 80
58 82
58 83
58 86
58 87
58 88
58 89
58 92
58 95
58 97
58 102
58 103
58 104
58 105
58 106
58 109
58 110
58 111
58 112
58 113
58 115
58 117
58 119
58 122
58 124
58 127
58 128
58 129
58 138
58 139
58 141
58 143
58 145
58 146
58 148
58 149
59 0
59 1
59 2
59 3
59 5
59 7
59 9
59 10
59 11
59 13
59 14
59 16
59 18
59 21
59 23
59 24
59 25
59 26
59 27
59 28
59 29
59 32
59 34
59 35
59 38
59 40
59 42
59 43
59 44
59 45
59 46
59 49
59 50
59 54
59 55
59 58
59 60
59 65
59 66
59 69
59 70
59 71
59 72
59 73
59 74
59 75
59 76
59 77
59 79
59 82
59 83
59 84
59 85
59 86
59 87
59 89
59 90
59 92
59 93
59 94
59 95
59 96
59 97
59 98
59 100
59 102
59 103
59 106
59 107
59 108
59 109
59 110
59 112
59 115
59 116
59 117
59 118
59 119
59 121
59 125
59 127
59 128
59 129
59 130
59 131
59 133
59 137
59 140
59 144
59 145
59 146
59 148
60 0
60 2
60 4
60 5
60 6
60 7
60 8
60 9
60 12
60 13
60 16
60 17
60 18
60 19
60 24
60 25
60 26
60 31
60 32
60 36
60 37
60 38
60 40
60 41
60 43
60 44
60 45
60 47
60 48
60 49
60 55
60 56
60 59
60 62
60 64
60 68
60 71
60 72
60 74
60 76
60 77
60 79
60 81
60 84
60 85
60 86
60 87
60 88
60 89
60 90
60 91
60 94
60 95
60 98
60 99
60 101
60 102
60 105
60 106
60 107
60 108
60 109
60 113
60 114
60 115
60 117
60 118
60 120
60 122
60 123
60 124
60 125
60 126
60 127
60 128
60 130
60 131
60 133
60 134
60 135
60 136
60 137
60 138
60 140
60 141
60 142
60 145
60 148
60 149
61 2
61 5
61 8
61 10
61 12
61 13
61 14
61 17
61 18
61 20
61 21
61 22
61 23
61 24
61 26
61 29
61 31
61 33
61 34
61 35
61 36
61 39
61 42
61 43
61 44
61 46
61 49
61 50
61 51
61 54
61 55
61 56
61 57
61 58
61 62
61 63
61 65
61 66
61 68
61 71
61 72
61 73
61 74
61 75
61 77
61 78
61 80
61 81
61 82
61 83
61 84
61 86
61 87
61 89
61 90
61 91
61 93
61 98
61 101
61 102
61 103
61 104
61 105
61 106
61 111
61 113
61 116
61 120
61 121
61 122
61 123
61 124
61 125
61 128
61 129
61 130
61 133
61 134
61 135
61 138
61 139
61 141
61 142
61 144
61 145
61 149
62 1
62 2
62 4
62 5
62 6
62 8
62 9
62 10
62 12
62 13
62 14
62 15
62 16
62 17
62 18
62 19
62 20
62 21
62 22
62 23
62 26
62 28
62 31
62 32
62 33
62 35
62 36
62 37
62 38
62 39
62 40
62 42
62 43
62 45
62 47
62 54
62 55
62 56
62 58
62 60
62 61
62 63
62 64
62 65
62 66
62 67
62 69
62 70
62 72
62 73
62 74
62 75
62 77
62 78
62 79
62 80
62 81
62 82
62 83
62 84
62 86
62 87
62 88
62 89
62 90
62 92
62 93
62 94
62 95
62 96
62 98
62 99
62 100
62 103
62 104
62 105
62 106
62 107
62 109
62 110
62 113
62 114
62 116
62 118
62 119
62 121
62 122
62 123
62 124
62 126
62 127
62 129
62 130
62 131
62 132
62 133
62 134
62 138
62 139
62 140
62 141
62 142
62 147
62 148
62 149
63 0
63 2
63 3
63 4
63 5
63 6
63 9
63 10
63 11
63 12
63 13
63 14
63 16
63 17
63 18
63 19
63 20
63 22
63 23
63 25
63 26
63 28
63 32
63 33
63 34
63 35
63 36
63 40
63 41
63 42
63 43
63 44
63 46
63 48
63 50
63 51
63 53
63 55
63 57
63 61
63 62
63 67
63 68
63 69
63 70
63 71
63 74
63 75
63 76
63 78
63 80
63 81
63 82
63 83
63 84
63 88
63 89
63 91
63 92
63 94
63 95
63 96
63 97
63 98
63 99
63 100
63 101
63 102
63 104
63 105
63 106
63 107
63 109
63 110
63 112
63 115
63 116
63 117
63 118
63 120
63 121
63 124
63 125
63 126
63 128
63 129
63 133
63 134
63 137
63 138
63 139
63 140
63 141
63 142
63 143
63 145
63 146
63 148
63 149
64 2
64 4
64 5
64 6
64 8
64 9
64 11
64 14
64 16
64 17
64 20
64 24
64 25
64 27
64 32
64 33
64 36
64 37
64 38
64 39
64 40
64 43
64 44
64 45
64 47
64 48
64 51
64 52
64 53
64 55
64 56
64 57
64 60
64 62
64 65
64 66
64 67
64 68
64 70
64 71
64 72
64 74
64 75
64 77
64 78
64 81
64 82
64 84
64 85
64 86
64 91
64 92
64 95
64 96
64 99
64 102
64 103
64 104
64 105
64 106
64 107
64 108
64 109
64 110
64 112
64 114
64 116
64 118
64 119
64 121
64 122
64 124
64 126
64 128
64 129
64 132
64 133
64 134
64 135
64 136
64 137
64 138
64 139
64 140
64 141
64 142
64 143
64 146
64 147
64 148
64 149
65 0
65 1
65 2
65 4
65 5
65 6
65 7
65 8
65 14
65 16
65 17
65 18
65 21
65 22
65 23
65 24
65 26
65 29
65 31
65 35
65 36
65 37
65 38
65 39
65 42
65 47
65 48
65 49
65 50
65 51
65 52
65 53
65 55
65 58
65 59
65 61
65 62
65 64
65 66
65 68
65 70
65 72
65 74
65 76
65 77
65 78
65 80
65 81
65 82
65 83
65 85
65 86
65 87
65 88
65 89
65 90
65 91
65 92
65 95
65 97
65 100
65 102
65 103
65 104
65 105
65 107
65 109
65 111
65 112
65 113
65 115
65 116
65 118
65 121
65 123
65 124
65 125
65 126
65 129
65 135
65 137
65 138
65 139
65 140
65 141
65 146
65 147
65 148
66 3
66 5
66 6
66 7
66 8
66 9
66 10
66 13
66 14
66 15
66 16
66 17
66 20
66 21
66 22
66 25
66 28
66 31
66 32
66 33
66 36
66 37
66 38
66 40
66 44
66 45
66 49
66 50
66 51
66 54
66 55
66 56
66 57
66 59
66 61
66 62
66 64
66 65
66 69
66 70
66 74
66 75
66 76
66 77
66 78
66 79
66 81
66 83
66 84
66 85
66 86
66 88
66 89
66 90
66 91
66 92
66 93
66 94
66 96
66 98
66 100
66 101
66 102
66 104
66 105
66 106
66 107
66 109
66 110
66 111
66 112
66 113
66 114
66 116
66 119
66 120
66 121
66 122
66 123
66 124
66 125
66 126
66 127
66 128
66 129
66 133
66 134
66 137
66 138
66 140
66 142
66 143
66 145
66 146
66 147
67 1
67 2
67 3
67 4
67 5
67 7
67 10
67 11
67 13
67 15
67 20
67 22
67 23
67 27
67 32
67 33
67 35
67 36
67 41
67 42
67 43
67 45
67 46
67 47
67 51
67 52
67 53
67 54
67 55
67 56
67 57
67 62
67 63
67 64
67 68
67 69
67 71
67 73
67 80
67 81
67 85
67 86
67 87
67 88
67 89
67 90
67 92
67 93
67 94
67 95
67 96
67 99
67 100
67 101
67 102
67 103
67 104
67 105
67 106
67 109
67 111
67 112
67 114
67 117
67 118
67 119
67 120
67 122
67 123
67 124
67 126
67 127
67 130
67 132
67 133
67 136
67 137
67 138
67 140
67 141
67 143
67 144
67 145
67 146
67 147
67 149
68 0
68 1
68 2
68 3
68 5
68 7
68 10
68 11
68 13
68 15
68 20
68 22
68 23
68 26
68 28
68 31
68 32
68 33
68 37
68 38
68 41
68 43
68 45
68 48
68 49
68 51
68 54
68 56
68 58
68 60
68 61
68 63
68 64
68 65
68 67
68 69
68 70
68 73
68 74
68 76
68 80
68 82
68 83
68 87
68 88
68 91
68 93
68 94
68 97
68 98
68 100
68 101
68 102
68 103
68 105
68 106
68 107
68 108
68 111
68 113
68 114
68 116
68 117
68 119
68 120
68 121
68 122
68 125
68 126
68 129
68 133
68 135
68 136
68 137
68 138
68 139
68 142
68 144
68 145
68 146
68 147
68 149
69 2
69 5
69 7
69 9
69 12
69 13
69 14
69 15
69 16
69 18
69 19
69 20
69 23
69 26
69 27
69 28
69 33
69 34
69 38
69 39
69 40
69 42
69 44
69 46
69 48
69 49
69 50
69 51
69 52
69 53
69 57
69 59
69 62
69 63
69 66
69 67
69 68
69 70
69 72
69 73
69 76
69 77
69 78
69 79
69 80
69 83
69 85
69 86
69 89
69 90
69 91
69 92
69 93
69 94
69 96
69 97
69 98
69 102
69 103
69 104
69 105
69 106
69 108
69 110
69 112
69 113
69 114
69 116
69 117
69 118
69 120
69 122
69 123
69 124
69 125
69 126
69 127
69 128
69 129
69 130
69 133
69 134
69 135
69 138
69 139
69 140
69 142
69 143
69 146
69 147
69 149
70 1
70 2
70 3
70 6
70 10
70 12
70 15
70 16
70 19
70 20
70 23
70 24
70 26
70 28
70 29
70 30
70 31
70 32
70 34
70 35
70 36
70 37
70 38
70 39
70 40
70 41
70 43
70 44
70 45
70 48
70 49
70 50
70 53
70 54
70 56
70 59
70 62
70 63
70 64
70 65
70 66
70 68
70 69
70 71
70 73
70 76
70 77
70 78
70 81
70 83
70 84
70 85
70 86
70 88
70 89
70 90
70 91
70 92
70 93
70 96
70 99
70 100
70 104
70 106
70 109
70 111
70 113
70 114
70 115
70 116
70 118
70 119
70 120
70 121
70 122
70 123
70 124
70 126
70 127
70 128
70 130
70 131
70 132
70 133
70 136
70 137
70 139
70 141
70 143
70 145
70 146
70 147
70 148
71 0
71 1
71 2
71 6
71 11
71 13
71 15
71 17
71 20
71 21
71 22
71 23
71 24
71 25
71 26
71 28
71 29
71 30
71 32
71 34
71 36
71 39
71 42
71 43
71 47
71 49
71 50
71 51
71 52
71 53
71 56
71 57
71 58
71 59
71 60
71 61
71 63
71 64
71 67
71 70
71 72
71 73
71 74
71 77
71 78
71 80
71 81
71 82
71 83
71 84
71 86
71 88
71 89
71 91
71 93
71 94
71 96
71 99
71 100
71 101
71 103
71 104
71 107
71 111
71 112
71 113
71 114
71 115
71 122
71 128
71 130
71 131
71 132
71 135
71 137
71 138
71 139
71 141
71 142
71 145
71 146
71 147
71 148
72 0
72 3
72 4
72 6
72 7
72 8
72 9
72 14
72 15
72 16
72 17
72 18
72 19
72 20
72 24
72 25
72 26
72 29
72 30
72 32
72 33
72 35
72 36
72 38
72 41
72 42
72 43
72 44
72 45
72 46
72 47
72 48
72 49
72 50
72 51
72 53
72 56
72 57
72 58
72 59
72 60
72 61
72 62
72 64
72 65
72 69
72 71
72 73
72 74
72 76
72 80
72 81
72 83
72 84
72 88
72 90
72 91
72 94
72 97
72 99
72 101
72 104
72 105
72 107
72 109
72 111
72 113
72 114
72 119
72 120
72 121
72 122
72 123
72 124
72 126
72 127
72 128
72 130
72 132
72 134
72 135
72 136
72 137
72 138
72 139
72 142
72 143
72 146
72 147
72 148
73 0
73 1
73 3
73 4
73 5
73 6
73 8
73 16
73 17
73 18
73 19
73 20
73 22
73 23
73 25
73 26
73 27
73 28
73 29
73 30
73 31
73 33
73 34
73 36
73 38
73 40
73 41
73 42
73 45
73 46
73 47
73 51
73 52
73 53
73 54
73 55
73 56
73 57
73 58
73 59
73 61
73 62
73 67
73 68
73 69
73 70
73 71
73 72
73 74
73 75
73 77
73 78
73 81
73 83
73 85
73 86
73 87
73 88
73 89
73 93
73 94
73 95
73 96
73 98
73 99
73 105
73 107
73 108
73 110
73 113
73 117
73 118
73 120
73 125
73 126
73 129
73 130
73 136
73 138
73 140
73 141
73 143
73 144
73 145
73 147
73 148
73 149
74 1
74 3
74 4
74 6
74 7
74 10
74 12
74 13
74 14
74 15
74 16
74 17
74 18
74 20
74 21
74 22
74 24
74 25
74 28
74 30
74 32
74 34
74 36
74 37
74 38
74 40
74 41
74 43
74 50
74 52
74 54
74 55
74 56
74 57
74 58
74 59
74 60
74 61
74 62
74 63
74 64
74 65
74 66
74 68
74 71
74 72
74 73
74 76
74 79
74 80
74 81
74 84
74 86
74 88
74 91
74 93
74 94
74 95
74 96
74 98
74 99
74 100
74 101
74 102
74 105
74 107
74 108
74 112
74 113
74 116
74 117
74 120
74 121
74 122
74 123
74 124
74 125
74 126
74 128
74 129
74 130
74 132
74 133
74 134
74 136
74 137
74 139
74 140
74 142
74 143
74 145
74 147
74 148
74 149
75 0
75 1
75 2
75 3
75 6
75 10
75 12
75 13
75 14
75 17
75 18
75 22
75 25
75 29
75 31
75 32
75 33
75 35
75 37
75 39
75 41
75 42
75 45
75 46
75 47
75 49
75 50
75 53
75 54
75 55
75 56
75 58
75 59
75 61
75 62
75 63
75 64
75 66
75 73
75 76
75 77
75 80
75 82
75 84
75 85
75 86
75 87
75 88
75 89
75 91
75 93
75 94
75 95
75 97
75 99
75 101
75 103
75 105
75 106
75 107
75 108
75 109
75 110
75 111
75 112
75 114
75 116
75 118
75 119
75 121
75 122
75 124
75 126
75 129
75 130
75 131
75 132
75 133
75 134
75 135
75 136
75 137
75 138
75 139
75 141
75 144
75 145
75 149
76 1
76 4
76 5
76 8
76 10
76 11
76 12
76 14
76 15
76 16
76 17
76 18
76 19
76 20
76 22
76 23
76 26
76 28
76 30
76 32
76 34
76 38
76 40
76 41
76 43
76 44
76 46
76 48
76 50
76 52
76 53
76 54
76 55
76 57
76 59
76 60
76 63
76 65
76 66
76 68
76 69
76 70
76 72
76 74
76 75
76 77
76 78
76 79
76 80
76 84
76 85
76 87
76 88
76 89
76 90
76 91
76 92
76 94
76 95
76 96
76 99
76 100
76 101
76 103
76 105
76 106
76 107
76 111
76 114
76 115
76 116
76 118
76 120
76 121
76 122
76 124
76 127
76 128
76 133
76 134
76 137
76 138
76 139
76 140
76 142
76 145
76 146
76 148
77 0
77 1
77 2
77 3
77 4
77 5
77 7
77 10
77 12
77 13
77 14
77 17
77 19
77 21
77 22
77 24
77 25
77 26
77 27
77 28
77 29
77 31
77 32
77 35
77 36
77 38
77 39
77 40
77 42
77 43
77 45
77 46
77 48
77 50
77 51
77 52
77 54
77 55
77 56
77 57
77 58
77 59
77 60
77 61
77 62
77 64
77 65
77 66
77 69
77 70
77 71
77 73
77 75
77 76
77 78
77 80
77 81
77 83
77 84
77 86
77 88
77 91
77 93
77 94
77 95
77 98
77 99
77 100
77 104
77 105
77 106
77 107
77 108
77 112
77 113
77 114
77 115
77 116
77 122
77 124
77 125
77 126
77 127
77 128
77 130
77 132
77 133
77 134
77 135
77 136
77 138
77 139
77 140
77 141
77 142
77 143
77 144
77 145
77 146
77 147
77 148
78 0
78 1
78 3
78 5
78 6
78 9
78 11
78 12
78 13
78 15
78 16
78 17
78 18
78 19
78 25
78 27
78 28
78 30
78 32
78 33
78 35
78 36
78 38
78 40
78 42
78 43
78 44
78 45
78 46
78 47
78 48
78 50
78 52
78 53
78 54
78 55
78 56
78 57
78 58
78 61
78 62
78 63
78 64
78 65
78 66
78 69
78 70
78 71
78 73
78 76
78 77
78 81
78 82
78 84
78 85
78 86
78 87
78 89
78 90
78 94
78 96
78 100
78 101
78 102
78 103
78 104
78 105
78 107
78 108
78 110
78 112
78 113
78 114
78 116
78 118
78 119
78 120
78 122
78 123
78 124
78 126
78 127
78 130
78 131
78 133
78 134
78 135
78 136
78 137
78 139
78 140
78 141
78 142
78 145
78 146
78 147
78 149
79 5
79 6
79 8
79 9
79 11
79 12
79 13
79 15
79 16
79 18
79 19
79 20
79 23
79 25
79 28
79 29
79 30
79 31
79 32
79 33
79 34
79 37
79 39
79 40
79 41
79 50
79 53
79 54
79 56
79 57
79 59
79 60
79 62
79 66
79 69
79 74
79 76
79 80
79 82
79 83
79 86
79 87
79 89
79 92
79 93
79 95
79 97
79 101
79 104
79 105
79 106
79 107
79 108
79 109
79 111
79 112
79 113
79 114
79 115
79 118
79 119
79 120
79 121
79 122
79 124
79 125
79 127
79 128
79 129
79 131
79 134
79 135
79 136
79 137
79 138
79 143
79 144
79 145
79 146
79 148
79 149
80 0
80 1
80 2
80 3
80 4
80 5
80 6
80 7
80 8
80 9
80 10
80 11
80 12
80 13
80 14
80 15
80 16
80 17
80 19
80 22
80 24
80 25
80 28
80 37
80 38
80 39
80 43
80 45
80 46
80 48
80 49
80 50
80 53
80 54
80 55
80 58
80 61
80 62
80 63
80 65
80 67
80 68
80 69
80 71
80 72
80 74
80 75
80 76
80 77
80 79
80 81
80 84
80 85
80 86
80 87
80 89
80 90
80 94
80 95
80 98
80 99
80 101
80 102
80 106
80 107
80 109
80 111
80 112
80 115
80 117
80 118
80 119
80 122
80 123
80 124
80 125
80 126
80 127
80 128
80 129
80 130
80 131
80 132
80 135
80 136
80 137
80 138
80 139
80 142
80 144
80 145
80 147
80 148
81 0
81 2
81 4
81 5
81 7
81 8
81 10
81 13
81 14
81 15
81 16
81 18
81 20
81 21
81 22
81 24
81 25
81 26
81 27
81 28
81 30
81 32
81 33
81 38
81 40
81 41
81 42
81 47
81 48
81 49
81 51
81 52
81 53
81 54
81 55
81 56
81 57
81 60
81 61
81 62
81 63
81 64
81 65
81 66
81 67
81 70
81 71
81 72
81 73
81 74
81 77
81 78
81 80
81 82
81 85
81 86
81 87
81 90
81 91
81 96
81 97
81 99
81 100
81 104
81 106
81 107
81 108
81 111
81 113
81 116
81 120
81 121
81 123
81 125
81 127
81 129
81 133
81 135
81 136
81 140
81 141
81 143
81 144
81 148
81 149
82 0
82 3
82 4
82 7
82 9
82 10
82 14
82 17
82 18
82 20
82 21
82 22
82 23
82 25
82 26
82 27
82 29
82 30
82 31
82 35
82 36
82 37
82 38
82 40
82 41
82 42
82 44
82 45
82 46
82 47
82 48
82 51
82 52
82 53
82 54
82 55
82 57
82 58
82 59
82 61
82 62
82 63
82 64
82 65
82 68
82 71
82 75
82 78
82 79
82 81
82 83
82 84
82 85
82 86
82 89
82 91
82 94
82 96
82 97
82 98
82 99
82 100
82 101
82 103
82 104
82 105
82 108
82 110
82 114
82 115
82 116
82 117
82 119
82 120
82 121
82 122
82 124
82 125
82 126
82 128
82 129
82 130
82 131
82 132
82 133
82 134
82 135
82 136
82 138
82 140
82 141
82 142
82 143
82 145
82 147
82 149
83 1
83 2
83 4
83 5
83 7
83 9
83 11
83 12
83 14
83 15
83 16
83 19
83 21
83 27
83 28
83 29
83 30
83 31
83 32
83 40
83 41
83 44
83 45
83 47
83 48
83 51
83 52
83 53
83 54
83 55
83 56
83 57
83 58
83 59
83 61
83 62
83 63
83 65
83 66
83 68
83 69
83 70
83 71
83 72
83 73
83 77
83 79
83 82
83 86
83 89
83 91
83 92
83 94
83 95
83 96
83 97
83 98
83 99
83 102
83 104
83 106
83 107
83 108
83 109
83 110
83 112
83 114
83 115
83 117
83 119
83 120
83 122
83 123
83 128
83 129
83 132
83 133
83 135
83 137
83 138
83 139
83 141
83 143
83 145
83 146
83 147
83 149
84 3
84 5
84 6
84 7
84 8
84 9
84 11
84 12
84 15
84 18
84 19
84 22
84 23
84 24
84 28
84 29
84 30
84 31
84 32
84 33
84 35
84 36
84 37
84 38
84 39
84 40
84 41
84 42
84 44
84 47
84 48
84 50
84 52
84 57
84 59
84 60
84 61
84 62
84 63
84 64
84 66
84 70
84 71
84 72
84 74
84 75
84 76
84 77
84 78
84 80
84 82
84 88
84 90
84 91
84 93
84 94
84 96
84 97
84 102
84 105
84 106
84 107
84 109
84 110
84 111
84 114
84 115
84 116
84 118
84 119
84 120
84 122
84 125
84 126
84 128
84 129
84 130
84 131
84 133
84 134
84 135
84 136
84 137
84 138
84 141
84 146
84 147
84 148
85 1
85 5
85 6
85 7
85 10
85 11
85 12
85 14
85 15
85 16
85 22
85 23
85 24
85 25
85 26
85 28
85 29
85 30
85 31
85 32
85 34
85 35
85 36
85 38
85 39
85 40
85 41
85 44
85 46
85 47
85 48
85 49
85 51
85 54
85 55
85 56
85 59
85 60
85 64
85 65
85 66
85 67
85 69
85 70
85 73
85 75
85 76
85 78
85 80
85 81
85 82
85 86
85 88
85 89
85 93
85 94
85 96
85 97
85 99
85 101
85 103
85 105
85 106
85 107
85 109
85 110
85 111
85 112
85 113
85 114
85 115
85 119
85 120
85 122
85 123
85 125
85 126
85 128
85 129
85 130
85 131
85 132
85 133
85 134
85 136
85 137
85 139
85 142
85 145
85 148
85 149
86 0
86 1
86 2
86 4
86 5
86 6
86 7
86 8
86 11
86 12
86 15
86 17
86 18
86 19
86 22
86 23
86 24
86 28
86 29
86 30
86 32
86 33
86 34
86 35
86 37
86 38
86 41
86 42
86 44
86 46
86 47
86 48
86 49
86 50
86 51
86 52
86 53
86 54
86 55
86 56
86 57
86 58
86 59
86 60
86 61
86 62
86 64
86 65
86 66
86 67
86 69
86 70
86 71
86 73
86 74
86 75
86 77
86 78
86 79
86 80
86 81
86 82
86 83
86 85
86 87
86 88
86 89
86 90
86 91
86 93
86 94
86 97
86 99
86 100
86 102
86 104
86 108
86 109
86 110
86 111
86 112
86 116
86 119
86 120
86 124
86 125
86 126
86 127
86 129
86 132
86 133
86 134
86 135
86 136
86 137
86 139
86 141
86 144
86 145
86 146
86 147
86 148
86 149
87 0
87 3
87 5
87 6
87 7
87 8
87 9
87 11
87 13
87 14
87 15
87 18
87 19
87 20
87 21
87 22
87 23
87 25
87 26
87 28
87 30
87 31
87 32
87 35
87 36
87 37
87 38
87 39
87 40
87 41
87 43
87 47
87 48
87 51
87 55
87 56
87 57
87 58
87 59
87 60
87 61
87 62
87 65
87 67
87 68
87 73
87 75
87 76
87 78
87 79
87 80
87 81
87 86
87 89
87 91
87 92
87 95
87 96
87 97
87 100
87 102
87 105
87 106
87 107
87 109
87 110
87 112
87 114
87 118
87 119
87 122
87 123
87 125
87 126
87 127
87 129
87 133
87 134
87 136
87 137
87 138
87 139
87 143
87 144
87 145
87 146
87 147
87 148
88 0
88 1
88 2
88 5
88 6
88 8
88 11
88 12
88 13
88 14
88 15
88 16
88 18
88 22
88 24
88 26
88 29
88 31
88 32
88 34
88 42
88 44
88 45
88 46
88 47
88 49
88 50
88 51
88 53
88 54
88 55
88 56
88 57
88 58
88 60
88 62
88 63
88 65
88 66
88 67
88 68
88 70
88 71
88 72
88 73
88 74
88 75
88 76
88 77
88 84
88 85
88 86
88 89
88 90
88 91
88 93
88 94
88 96
88 97
88 99
88 100
88 101
88 102
88 103
88 104
88 105
88 106
88 108
88 109
88 111
88 114
88 115
88 116
88 117
88 118
88 120
88 122
88 125
88 126
88 127
88 128
88 129
88 131
88 133
88 135
88 136
88 138
88 139
88 140
88 141
88 146
88 149
89 0
89 2
89 5
89 7
89 8
89 10
89 12
89 13
89 14
89 15
89 16
89 20
89 22
89 25
89 27
89 29
89 31
89 32
89 33
89 34
89 37
89 38
89 39
89 40
89 42
89 43
89 44
89 45
89 46
89 47
89 48
89 52
89 53
89 54
89 57
89 58
89 59
89 60
89 61
89 62
89 63
89 65
89 66
89 67
89 69
89 70
89 71
89 73
89 75
89 76
89 78
89 79
89 80
89 82
89 83
89 85
89 86
89 87
89 88
89 90
89 93
89 96
89 97
89 98
89 99
89 100
89 101
89 102
89 103
89 104
89 107
89 108
89 109
89 110
89 114
89 116
89 117
89 119
89 121
89 123
89 124
89 127
89 128
89 130
89 133
89 134
89 135
89 137
89 138
89 140
89 143
89 144
89 145
89 147
89 148
90 0
90 3
90 5
90 6
90 9
90 11
90 12
90 14
90 15
90 16
90 19
90 21
90 22
90 24
90 29
90 30
90 31
90 32
90 34
90 35
90 38
90 39
90 40
90 42
90 43
90 44
90 46
90 48
90 49
90 50
90 54
90 55
90 56
90 59
90 60
90 61
90 62
90 65
90 66
90 67
90 69
90 70
90 72
90 76
90 78
90 80
90 81
90 84
90 86
90 88
90 89
90 92
90 95
90 96
90 98
90 99
90 101
90 102
90 104
90 105
90 108
90 109
90 110
90 111
90 115
90 116
90 117
90 118
90 120
90 122
90 123
90 125
90 126
90 127
90 128
90 129
90 130
90 133
90 135
90 139
90 140
90 142
90 143
90 144
90 145
90 146
91 0
91 2
91 3
91 10
91 11
91 14
91 16
91 17
91 20
91 21
91 22
91 24
91 27
91 31
91 32
91 33
91 34
91 36
91 37
91 39
91 40
91 41
91 42
91 43
91 44
91 45
91 47
91 48
91 54
91 55
91 60
91 61
91 63
91 64
91 65
91 66
91 68
91 69
91 70
91 71
91 72
91 74
91 75
91 76
91 77
91 81
91 82
91 83
91 84
91 86
91 87
91 88
91 92
91 93
91 95
91 96
91 99
91 101
91 102
91 103
91 104
91 105
91 107
91 109
91 112
91 115
91 116
91 117
91 118
91 120
91 121
91 122
91 123
91 126
91 127
91 132
91 133
91 134
91 135
91 136
91 139
91 140
91 143
91 145
91 146
91 147
91 149
92 0
92 3
92 4
92 7
92 11
92 13
92 14
92 15
92 19
92 20
92 23
92 25
92 26
92 27
92 31
92 32
92 33
92 40
92 41
92 43
92 44
92 45
92 47
92 49
92 51
92 52
92 54
92 55
92 56
92 58
92 59
92 62
92 63
92 64
92 65
92 66
92 67
92 69
92 70
92 76
92 79
92 83
92 87
92 90
92 91
92 93
92 94
92 95
92 99
92 100
92 103
92 104
92 105
92 107
92 109
92 110
92 111
92 113
92 114
92 116
92 117
92 120
92 121
92 125
92 128
92 131
92 132
92 133
92 138
92 145
92 146
92 147
92 149
93 0
93 1
93 2
93 6
93 8
93 9
93 10
93 12
93 16
93 17
93 22
93 23
93 25
93 26
93 29
93 30
93 31
93 32
93 33
93 35
93 38
93 39
93 41
93 42
93 43
93 44
93 45
93 47
93 48
93 49
93 50
93 51
93 52
93 53
93 55
93 59
93 61
93 62
93 66
93 67
93 68
93 69
93 70
93 71
93 73
93 74
93 75
93 77
93 79
93 84
93 85
93 86
93 88
93 89
93 91
93 92
93 94
93 96
93 99
93 100
93 101
93 102
93 106
93 107
93 108
93 109
93 111
93 120
93 122
93 123
93 124
93 125
93 127
93 131
93 132
93 133
93 134
93 137
93 138
93 142
93 143
93 144
93 145
93 148
93 149
94 2
94 3
94 4
94 5
94 6
94 9
94 11
94 12
94 14
94 18
94 19
94 25
94 26
94 27
94 28
94 29
94 30
94 31
94 32
94 36
94 37
94 38
94 43
94 44
94 45
94 46
94 47
94 48
94 51
94 52
94 54
94 55
94 56
94 57
94 59
94 60
94 62
94 63
94 66
94 67
94 68
94 69
94 71
94 72
94 73
94 74
94 75
94 76
94 77
94 78
94 80
94 82
94 83
94 84
94 85
94 86
94 88
94 92
94 93
94 95
94 96
94 97
94 98
94 99
94 103
94 104
94 105
94 106
94 107
94 108
94 109
94 111
94 112
94 113
94 116
94 121
94 123
94 125
94 126
94 127
94 128
94 129
94 131
94 132
94 134
94 136
94 137
94 140
94 141
94 142
94 144
94 145
94 148
94 149
95 0
95 4
95 5
95 6
95 9
95 10
95 12
95 14
95 15
95 17
95 18
95 19
95 22
95 23
95 25
95 26
95 27
95 28
95 29
95 31
95 35
95 36
95 38
95 41
95 43
95 44
95 45
95 46
95 47
95 48
95 50
95 51
95 53
95 54
95 56
95 57
95 58
95 59
95 60
95 62
95 63
95 64
95 65
95 67
95 73
95 74
95 75
95 76
95 77
95 79
95 80
95 83
95 87
95 90
95 91
95 92
95 94
95 97
95 98
95 101
95 102
95 103
95 105
95 106
95 108
95 109
95 111
95 114
95 115
95 116
95 117
95 118
95 119
95 121
95 122
95 123
95 124
95 125
95 126
95 127
95 128
95 129
95 130
95 131
95 132
95 133
95 134
95 136
95 141
95 142
95 143
95 144
95 145
95 146
95 148
96 0
96 1
96 2
96 3
96 4
96 6
96 8
96 9
96 11
96 14
96 16
96 18
96 20
96 21
96 24
96 26
96 27
96 28
96 29
96 31
96 32
96 33
96 34
96 38
96 39
96 41
96 42
96 44
96 46
96 50
96 51
96 52
96 53
96 55
96 56
96 57
96 59
96 62
96 63
96 64
96 66
96 67
96 69
96 70
96 71
96 73
96 74
96 76
96 78
96 81
96 82
96 83
96 84
96 85
96 87
96 88
96 89
96 90
96 91
96 93
96 94
96 97
96 98
96 99
96 100
96 102
96 105
96 106
96 107
96 109
96 111
96 112
96 113
96 114
96 116
96 117
96 119
96 122
96 123
96 126
96 127
96 128
96 130
96 131
96 132
96 134
96 135
96 137
96 138
96 139
96 140
96 141
96 145
96 146
96 148
97 1
97 2
97 3
97 4
97 8
97 9
97 10
97 12
97 13
97 15
97 17
97 19
97 21
97 22
97 24
97 27
97 28
97 29
97 30
97 32
97 34
97 36
97 38
97 39
97 40
97 42
97 43
97 45
97 46
97 47
97 50
97 51
97 52
97 56
97 57
97 58
97 59
97 63
97 65
97 68
97 69
97 72
97 75
97 79
97 81
97 82
97 83
97 84
97 85
97 86
97 87
97 88
97 89
97 94
97 95
97 96
97 98
97 103
97 105
97 106
97 108
97 111
97 112
97 115
97 117
97 120
97 122
97 124
97 125
97 126
97 127
97 131
97 132
97 134
97 135
97 136
97 137
97 138
97 141
97 143
97 144
97 145
97 147
97 148
97 149
98 0
98 2
98 4
98 7
98 9
98 13
98 14
98 15
98 18
98 19
98 20
98 24
98 25
98 26
98 28
98 29
98 31
98 33
98 34
98 35
98 37
98 38
98 39
98 40
98 41
98 42
98 44
98 48
98 50
98 51
98 52
98 57
98 59
98 60
98 61
98 62
98 63
98 66
98 68
98 69
98 73
98 74
98 77
98 80
98 82
98 83
98 89
98 90
98 94
98 95
98 96
98 97
98 102
98 103
98 109
98 111
98 114
98 116
98 117
98 119
98 120
98 124
98 125
98 127
98 129
98 130
98 131
98 132
98 133
98 134
98 137
98 138
98 142
98 143
98 144
98 146
98 147
98 149
99 0
99 3
99 4
99 6
99 7
99 8
99 9
99 12
99 13
99 16
99 17
99 22
99 24
99 26
99 28
99 29
99 30
99 31
99 36
99 38
99 39
99 40
99 42
99 43
99 45
99 49
99 52
99 53
99 57
99 60
99 62
99 63
99 64
99 67
99 70
99 71
99 72
99 73
99 74
99 75
99 76
99 77
99 80
99 81
99 82
99 83
99 85
99 86
99 88
99 89
99 90
99 91
99 92
99 93
99 94
99 96
99 100
99 102
99 103
99 109
99 111
99 114
99 119
99 121
99 122
99 125
99 127
99 130
99 131
99 132
99 133
99 136
99 137
99 142
99 143
99 144
99 146
99 147
99 148
100 0
100 1
100 2
100 3
100 4
100 10
100 11
100 12
100 13
100 14
100 15
100 17
100 22
100 24
100 25
100 26
100 27
100 28
100 30
100 31
100 32
100 33
100 34
100 36
100 38
100 42
100 43
100 44
100 45
100 47
100 48
100 49
100 51
100 52
100 53
100 55
100 56
100 57
100 59
100 62
100 63
100 65
100 66
100 67
100 68
100 70
100 71
100 74
100 76
100 77
100 78
100 81
100 82
100 86
100 87
100 88
100 89
100 92
100 93
100 96
100 99
100 104
100 106
100 107
100 108
100 109
100 111
100 112
100 113
100 114
100 115
100 116
100 117
100 118
100 120
100 121
100 122
100 124
100 125
100 126
100 127
100 128
100 129
100 130
100 131
100 132
100 133
100 135
100 136
100 138
100 142
100 143
100 145
100 147
100 148
100 149
101 1
101 4
101 6
101 7
101 8
101 9
101 10
101 11
101 12
101 13
101 14
101 15
101 16
101 19
101 20
101 21
101 23
101 24
101 25
101 27
101 28
101 30
101 32
101 34
101 35
101 38
101 39
101 40
101 41
101 42
101 43
101 47
101 48
101 50
101 53
101 54
101 55
101 60
101 61
101 63
101 66
101 67
101 68
101 71
101 72
101 74
101 75
101 76
101 78
101 79
101 80
101 82
101 85
101 88
101 89
101 90
101 91
101 93
101 95
101 102
101 103
101 104
101 105
101 108
101 109
101 111
101 112
101 115
101 116
101 117
101 118
101 119
101 120
101 124
101 125
101 126
101 127
101 130
101 131
101 132
101 133
101 134
101 135
101 140
101 141
101 142
101 143
101 147
101 148
102 0
102 4
102 5
102 7
102 8
102 12
102 13
102 16
102 17
102 18
102 19
102 20
102 22
102 23
102 25
102 26
102 27
102 28
102 29
102 30
102 31
102 32
102 33
102 34
102 38
102 42
102 44
102 46
102 47
102 48
102 49
102 50
102 51
102 52
102 53
102 54
102 55
102 56
102 58
102 59
102 60
102 61
102 63
102 64
102 65
102 66
102 67
102 68
102 69
102 74
102 78
102 80
102 83
102 84
102 86
102 87
102 88
102 89
102 90
102 91
102 93
102 95
102 96
102 98
102 99
102 101
102 103
102 104
102 106
102 108
102 109
102 111
102 112
102 113
102 114
102 115
102 116
102 120
102 122
102 124
102 125
102 126
102 127
102 128
102 129
102 130
102 131
102 134
102 135
102 136
102 137
102 140
102 141
102 142
102 143
102 146
102 147
102 148
102 149
103 1
103 2
103 4
103 6
103 7
103 8
103 11
103 12
103 15
103 16
103 19
103 20
103 22
103 25
103 26
103 27
103 28
103 29
103 31
103 33
103 34
103 36
103 37
103 38
103 39
103 41
103 42
103 44
103 46
103 47
103 49
103 50
103 51
103 55
103 57
103 58
103 59
103 61
103 62
103 64
103 65
103 67
103 68
103 69
103 71
103 75
103 76
103 78
103 82
103 85
103 88
103 89
103 91
103 92
103 94
103 95
103 97
103 98
103 99
103 101
103 102
103 106
103 109
103 110
103 112
103 113
103 115
103 117
103 118
103 121
103 122
103 127
103 128
103 129
103 131
103 133
103 136
103 138
103 141
103 142
103 143
103 144
103 147
103 148
104 0
104 1
104 2
104 3
104 5
104 8
104 10
104 11
104 12
104 13
104 14
104 15
104 16
104 19
104 20
104 28
104 31
104 32
104 33
104 35
104 36
104 39
104 40
104 42
104 44
104 45
104 46
104 48
104 50
104 52
104 53
104 55
104 56
104 57
104 58
104 61
104 62
104 63
104 64
104 65
104 66
104 67
104 69
104 70
104 71
104 72
104 77
104 78
104 79
104 81
104 82
104 83
104 86
104 88
104 89
104 90
104 91
104 92
104 94
104 100
104 101
104 102
104 105
104 106
104 109
104 111
104 114
104 115
104 116
104 117
104 119
104 120
104 122
104 123
104 124
104 125
104 127
104 129
104 133
104 134
104 135
104 137
104 138
104 139
104 141
104 142
104 144
104 145
104 147
104 148
105 0
105 1
105 3
105 6
105 7
105 10
105 14
105 17
105 18
105 20
105 21
105 24
105 27
105 28
105 30
105 31
105 32
105 35
105 36
105 37
105 38
105 42
105 44
105 46
105 47
105 48
105 49
105 50
105 51
105 52
105 53
105 56
105 57
105 58
105 60
105 61
105 62
105 63
105 64
105 65
105 66
105 67
105 68
105 69
105 72
105 73
105 74
105 75
105 76
105 77
105 78
105 79
105 82
105 84
105 85
105 87
105 88
105 90
105 91
105 92
105 94
105 95
105 96
105 97
105 101
105 104
105 106
105 107
105 108
105 110
105 112
105 113
105 117
105 123
105 124
105 125
105 127
105 129
105 130
105 132
105 134
105 135
105 137
105 138
105 139
105 141
105 146
105 147
105 148
106 0
106 2
106 6
106 9
106 10
106 12
106 13
106 14
106 15
106 16
106 18
106 21
106 22
106 23
106 24
106 25
106 27
106 29
106 31
106 32
106 35
106 36
106 38
106 39
106 41
106 43
106 48
106 49
106 51
106 52
106 53
106 56
106 57
106 58
106 59
106 60
106 61
106 62
106 63
106 64
106 66
106 67
106 68
106 69
106 70
106 75
106 76
106 77
106 79
106 80
106 81
106 83
106 84
106 85
106 87
106 88
106 93
106 94
106 95
106 96
106 97
106 100
106 102
106 103
106 104
106 105
106 107
106 108
106 109
106 111
106 113
106 116
106 117
106 118
106 119
106 120
106 122
106 124
106 125
106 127
106 128
106 129
106 131
106 132
106 134
106 139
106 140
106 141
106 142
106 144
106 149
107 0
107 1
107 2
107 3
107 4
107 5
107 7
107 13
107 14
107 17
107 18
107 19
107 20
107 21
107 26
107 27
107 28
107 29
107 31
107 33
107 34
107 38
107 39
107 46
107 48
107 50
107 51
107 52
107 53
107 57
107 59
107 60
107 62
107 63
107 64
107 65
107 66
107 68
107 71
107 72
107 73
107 74
107 75
107 76
107 77
107 78
107 79
107 80
107 81
107 83
107 84
107 85
107 87
107 89
107 91
107 92
107 93
107 94
107 96
107 100
107 105
107 106
107 108
107 109
107 110
107 111
107 113
107 114
107 115
107 118
107 120
107 122
107 124
107 126
107 127
107 131
107 132
107 134
107 136
107 138
107 139
107 140
107 141
107 142
107 143
107 144
107 147
107 148
107 149
108 1
108 2
108 3
108 5
108 7
108 8
108 9
108 10
108 11
108 12
108 13
108 14
108 16
108 17
108 18
108 27
108 30
108 31
108 33
108 34
108 35
108 36
108 37
108 38
108 41
108 42
108 45
108 46
108 47
108 48
108 49
108 53
108 56
108 57
108 59
108 60
108 64
108 68
108 69
108 73
108 74
108 75
108 77
108 78
108 79
108 81
108 82
108 83
108 86
108 88
108 89
108 90
108 93
108 94
108 95
108 97
108 100
108 101
108 102
108 105
108 106
108 107
108 109
108 110
108 112
108 114
108 115
108 116
108 117
108 119
108 120
108 124
108 125
108 128
108 129
108 130
108 131
108 134
108 136
108 137
108 138
108 139
108 140
108 141
108 142
108 143
108 149
109 1
109 4
109 5
109 6
109 8
109 9
109 13
109 15
109 16
109 17
109 19
109 20
109 21
109 22
109 23
109 27
109 28
109 29
109 30
109 31
109 33
109 34
109 36
109 37
109 38
109 39
109 40
109 44
109 45
109 46
109 47
109 49
109 50
109 51
109 52
109 53
109 54
109 55
109 56
109 58
109 59
109 60
109 62
109 63
109 64
109 65
109 66
109 67
109 70
109 72
109 75
109 79
109 80
109 83
109 84
109 85
109 86
109 87
109 88
109 89
109 90
109 91
109 92
109 93
109 94
109 95
109 96
109 98
109 99
109 100
109 101
109 102
109 103
109 104
109 106
109 107
109 108
109 111
109 112
109 113
109 114
109 115
109 116
109 117
109 118
109 120
109 123
109 126
109 128
109 129
109 131
109 133
109 134
109 135
109 136
109 137
109 139
109 143
109 145
109 146
109 149
110 1
110 3
110 4
110 5
110 6
110 7
110 8
110 9
110 14
110 15
110 18
110 19
110 20
110 23
110 25
110 27
110 28
110 30
110 31
110 32
110 34
110 35
110 36
110 37
110 38
110 39
110 40
110 41
110 43
110 45
110 46
110 47
110 49
110 51
110 53
110 54
110 55
110 56
110 57
110 58
110 59
110 62
110 63
110 64
110 66
110 69
110 73
110 75
110 78
110 82
110 83
110 84
110 85
110 86
110 87
110 89
110 90
110 92
110 103
110 105
110 107
110 108
110 113
110 115
110 116
110 117
110 122
110 123
110 124
110 127
110 128
110 133
110 134
110 135
110 136
110 138
110 140
110 141
110 142
110 144
110 146
110 147
110 148
111 2
111 3
111 4
111 5
111 7
111 8
111 9
111 10
111 11
111 13
111 16
111 17
111 18
111 19
111 20
111 21
111 22
111 23
111 27
111 31
111 32
111 34
111 35
111 36
111 37
111 40
111 43
111 44
111 46
111 47
111 49
111 51
111 53
111 55
111 56
111 57
111 58
111 61
111 65
111 66
111 67
111 68
111 70
111 71
111 72
111 75
111 76
111 79
111 80
111 81
111 84
111 85
111 86
111 88
111 90
111 92
111 93
111 94
111 95
111 96
111 97
111 98
111 99
111 100
111 101
111 102
111 104
111 106
111 107
111 109
111 112
111 113
111 114
111 119
111 121
111 124
111 126
111 127
111 130
111 131
111 132
111 133
111 135
111 136
111 137
111 138
111 139
111 140
111 141
111 142
111 144
111 145
111 147
111 149
112 0
112 1
112 2
112 3
112 4
112 5
112 6
112 7
112 8
112 9
112 12
112 14
112 15
112 18
112 19
112 21
112 22
112 24
112 25
112 29
112 30
112 31
112 32
112 34
112 35
112 36
112 37
112 39
112 40
112 41
112 45
112 49
112 50
112 51
112 52
112 54
112 58
112 59
112 63
112 64
112 65
112 66
112 67
112 69
112 71
112 74
112 75
112 77
112 78
112 79
112 80
112 83
112 85
112 86
112 87
112 91
112 94
112 96
112 97
112 100
112 101
112 102
112 103
112 105
112 108
112 109
112 111
112 113
112 117
112 122
112 124
112 126
112 127
112 130
112 132
112 133
112 134
112 136
112 137
112 141
112 142
112 143
112 144
112 145
112 149
113 2
113 3
113 4
113 8
113 9
113 10
113 11
113 14
113 21
113 22
113 23
113 27
113 28
113 29
113 30
113 32
113 33
113 34
113 35
113 37
113 38
113 41
113 43
113 44
113 48
113 50
113 51
113 52
113 56
113 57
113 58
113 60
113 61
113 62
113 65
113 66
113 68
113 69
113 70
113 71
113 72
113 73
113 74
113 77
113 78
113 79
113 81
113 85
113 92
113 94
113 96
113 100
113 102
113 103
113 105
113 106
113 107
113 109
113 110
113 111
113 112
113 114
113 115
113 116
113 118
113 119
113 120
113 121
113 122
113 124
113 128
113 130
113 131
113 134
113 140
113 141
113 142
113 144
113 145
113 146
113 147
114 0
114 2
114 3
114 6
114 7
114 8
114 9
114 12
114 14
114 16
114 18
114 21
114 22
114 23
114 24
114 25
114 26
114 27
114 29
114 30
114 31
114 32
114 33
114 39
114 42
114 43
114 45
114 47
114 48
114 49
114 52
114 53
114 54
114 57
114 60
114 62
114 64
114 66
114 67
114 68
114 69
114 70
114 71
114 72
114 75
114 76
114 77
114 78
114 79
114 82
114 83
114 84
114 85
114 87
114 88
114 89
114 92
114 95
114 96
114 98
114 99
114 100
114 102
114 104
114 107
114 108
114 109
114 111
114 113
114 116
114 117
114 118
114 119
114 121
114 122
114 123
114 125
114 127
114 129
114 130
114 132
114 133
114 135
114 136
114 137
114 138
114 139
114 140
114 141
114 142
114 143
114 145
114 147
114 149
115 0
115 1
115 2
115 4
115 5
115 8
115 10
115 12
115 13
115 14
115 15
115 16
115 17
115 20
115 22
115 23
115 25
115 26
115 27
115 28
115 32
115 33
115 36
115 37
115 38
115 39
115 40
115 41
115 43
115 47
115 49
115 50
115 52
115 53
115 54
115 55
115 56
115 57
115 58
115 59
115 60
115 63
115 65
115 70
115 71
115 76
115 77
115 79
115 80
115 82
115 83
115 84
115 85
115 88
115 90
115 91
115 95
115 97
115 100
115 101
115 102
115 103
115 104
115 107
115 108
115 109
115 110
115 113
115 116
115 117
115 118
115 119
115 121
115 122
115 123
115 124
115 125
115 126
115 128
115 129
115 132
115 133
115 135
115 137
115 139
115 144
115 145
115 146
116 5
116 7
116 8
116 11
116 12
116 13
116 17
116 19
116 20
116 21
116 22
116 24
116 25
116 26
116 34
116 35
116 36
116 37
116 38
116 39
116 40
116 45
116 47
116 49
116 53
116 54
116 56
116 57
116 59
116 61
116 62
116 63
116 64
116 65
116 66
116 68
116 69
116 70
116 74
116 75
116 76
116 77
116 78
116 81
116 82
116 84
116 86
116 88
116 89
116 90
116 91
116 92
116 94
116 95
116 96
116 98
116 100
116 101
116 102
116 104
116 106
116 108
116 109
116 110
116 113
116 114
116 115
116 117
116 118
116 119
116 120
116 122
116 124
116 125
116 126
116 127
116 128
116 131
116 132
116 138
116 140
116 142
116 143
116 146
116 147
116 149
117 1
117 2
117 4
117 6
117 10
117 11
117 12
117 14
117 15
117 17
117 19
117 20
117 21
117 22
117 23
117 24
117 27
117 28
117 32
117 33
117 37
117 38
117 39
117 44
117 46
117 47
117 48
117 50
117 51
117 53
117 54
117 55
117 57
117 58
117 59
117 60
117 63
117 67
117 68
117 69
117 73
117 74
117 80
117 82
117 83
117 88
117 89
117 90
117 91
117 92
117 95
117 96
117 97
117 98
117 100
117 101
117 103
117 104
117 105
117 106
117 108
117 109
117 110
117 112
117 114
117 115
117 116
117 118
117 119
117 120
117 123
117 124
117 125
117 127
117 128
117 131
117 132
117 136
117 137
117 138
117 139
117 140
117 141
117 142
117 145
117 146
117 148
117 149
118 3
118 5
118 6
118 11
118 12
118 13
118 14
118 16
118 18
118 20
118 21
118 23
118 24
118 25
118 26
118 28
118 29
118 30
118 31
118 32
118 33
118 36
118 37
118 38
118 39
118 42
118 43
118 46
118 47
118 48
118 49
118 51
118 52
118 55
118 57
118 59
118 60
118 62
118 63
118 64
118 65
118 67
118 69
118 70
118 73
118 75
118 76
118 78
118 79
118 80
118 84
118 87
118 88
118 90
118 91
118 95
118 100
118 101
118 103
118 106
118 107
118 109
118 113
118 114
118 115
118 116
118 117
118 119
118 120
118 121
118 123
118 126
118 131
118 133
118 135
118 136
118 137
118 138
118 141
118 142
118 143
118 145
118 146
118 147
118 148
119 2
119 4
119 7
119 8
119 10
119 11
119 14
119 15
119 18
119 21
119 22
119 26
119 27
119 29
119 31
119 32
119 33
119 34
119 35
119 36
119 37
119 38
119 40
119 41
119 43
119 44
119 46
119 48
119 50
119 51
119 54
119 55
119 56
119 57
119 58
119 59
119 62
119 64
119 66
119 67
119 68
119 70
119 72
119 75
119 78
119 79
119 80
119 82
119 83
119 84
119 85
119 86
119 87
119 89
119 95
119 96
119 98
119 99
119 101
119 104
119 106
119 108
119 111
119 113
119 114
119 115
119 116
119 117
119 118
119 121
119 122
119 124
119 125
119 126
119 128
119 129
119 130
119 133
119 136
119 139
119 140
119 142
119 143
119 146
119 147
120 0
120 1
120 2
120 3
120 4
120 6
120 7
120 9
120 11
120 12
120 13
120 14
120 16
120 17
120 18
120 19
120 21
120 22
120 23
120 26
120 30
120 31
120 32
120 33
120 34
120 35
120 36
120 37
120 38
120 40
120 42
120 44
120 48
120 49
120 51
120 52
120 53
120 54
120 55
120 56
120 57
120 60
120 61
120 63
120 66
120 67
120 68
120 69
120 70
120 72
120 73
120 74
120 76
120 78
120 79
120 81
120 82
120 83
120 84
120 85
120 86
120 88
120 90
120 91
120 92
120 93
120 97
120 98
120 100
120 101
120 102
120 104
120 106
120 107
120 108
120 109
120 113
120 116
120 117
120 118
120 121
120 122
120 123
120 127
120 128
120 129
120 130
120 131
120 134
120 137
120 138
120 139
120 141
120 142
120 147
120 149
121 1
121 2
121 3
121 4
121 6
121 7
121 13
121 14
121 15
121 16
121 17
121 19
121 21
121 22
121 23
121 24
121 25
121 26
121 29
121 30
121 32
121 35
121 37
121 39
121 40
121 41
121 45
121 48
121 52
121 53
121 54
121 55
121 56
121 57
121 59
121 61
121 62
121 63
121 64
121 65
121 66
121 68
121 70
121 72
121 74
121 75
121 76
121 79
121 81
121 82
121 89
121 91
121 92
121 94
121 95
121 99
121 100
121 103
121 111
121 113
121 114
121 115
121 118
121 119
121 120
121 122
121 124
121 126
121 128
121 129
121 130
121 131
121 132
121 133
121 136
121 137
121 139
121 141
121 143
121 146
121 148
121 149
122 0
122 2
122 4
122 6
122 7
122 9
122 12
122 13
122 14
122 15
122 18
122 19
122 20
122 21
122 22
122 23
122 24
122 25
122 27
122 28
122 29
122 34
122 35
122 38
122 39
122 41
122 47
122 48
122 49
122 51
122 52
122 54
122 55
122 57
122 58
122 60
122 61
122 62
122 64
122 66
122 67
122 68
122 69
122 70
122 71
122 72
122 74
122 75
122 76
122 77
122 78
122 79
122 80
122 82
122 83
122 84
122 85
122 87
122 88
122 90
122 91
122 93
122 95
122 96
122 97
122 99
122 100
122 102
122 103
122 104
122 106
122 107
122 110
122 112
122 113
122 114
122 115
122 116
122 119
122 120
122 121
122 124
122 125
122 127
122 128
122 130
122 131
122 132
122 133
122 134
122 135
122 136
122 138
122 142
122 143
122 145
122 146
123 0
123 2
123 3
123 4
123 5
123 6
123 7
123 8
123 9
123 10
123 11
123 12
123 15
123 16
123 18
123 19
123 20
123 21
123 25
123 26
123 28
123 29
123 31
123 32
123 33
123 34
123 35
123 36
123 37
123 38
123 39
123 41
123 43
123 45
123 46
123 47
123 49
123 50
123 52
123 53
123 54
123 56
123 60
123 61
123 62
123 65
123 66
123 67
123 69
123 70
123 72
123 74
123 78
123 80
123 81
123 83
123 85
123 87
123 89
123 90
123 91
123 93
123 94
123 95
123 96
123 104
123 105
123 109
123 110
123 114
123 115
123 117
123 118
123 120
123 124
123 126
123 127
123 128
123 129
123 132
123 133
123 135
123 136
123 137
123 138
123 139
123 143
123 144
123 145
123 146
123 149
124 0
124 1
124 2
124 3
124 4
124 5
124 8
124 9
124 11
124 12
124 13
124 15
124 16
124 18
124 19
124 20
124 21
124 22
124 23
124 24
124 27
124 28
124 29
124 32
124 33
124 35
124 38
124 39
124 40
124 41
124 42
124 43
124 44
124 46
124 47
124 48
124 49
124 51
124 52
124 53
124 54
124 55
124 58
124 60
124 61
124 62
124 63
124 64
124 65
124 66
124 67
124 69
124 70
124 72
124 74
124 75
124 76
124 77
124 78
124 79
124 80
124 82
124 86
124 89
124 93
124 95
124 97
124 98
124 100
124 101
124 102
124 104
124 105
124 106
124 107
124 108
124 110
124 111
124 112
124 113
124 115
124 116
124 117
124 119
124 121
124 122
124 123
124 126
124 127
124 128
124 130
124 131
124 132
124 133
124 135
124 136
124 137
124 138
124 139
124 140
124 141
124 142
124 143
124 144
124 145
124 146
124 147
124 149
125 0
125 1
125 6
125 7
125 8
125 9
125 10
125 11
125 13
125 14
125 18
125 19
125 20
125 21
125 24
125 25
125 26
125 28
125 29
125 31
125 33
125 34
125 36
125 41
125 42
125 43
125 45
125 50
125 52
125 54
125 55
125 56
125 57
125 59
125 60
125 61
125 63
125 65
125 66
125 68
125 69
125 73
125 74
125 77
125 79
125 80
125 81
125 82
125 84
125 85
125 86
125 87
125 88
125 90
125 92
125 93
125 94
125 95
125 97
125 98
125 99
125 100
125 101
125 102
125 104
125 105
125 106
125 108
125 114
125 115
125 116
125 117
125 119
125 122
125 127
125 129
125 130
125 131
125 135
125 139
125 140
125 142
125 143
125 144
125 148
125 149
126 1
126 4
126 5
126 7
126 8
126 9
126 10
126 11
126 13
126 14
126 16
126 17
126 20
126 21
126 23
126 26
126 27
126 31
126 33
126 34
126 35
126 38
126 39
126 45
126 48
126 49
126 50
126 53
126 54
126 55
126 56
126 57
126 60
126 62
126 63
126 64
126 65
126 66
126 67
126 68
126 69
126 70
126 72
126 73
126 74
126 75
126 77
126 78
126 80
126 82
126 84
126 85
126 86
126 87
126 88
126 90
126 91
126 94
126 95
126 96
126 97
126 100
126 101
126 102
126 107
126 109
126 111
126 112
126 115
126 116
126 118
126 119
126 121
126 123
126 124
126 127
126 129
126 130
126 132
126 133
126 135
126 136
126 137
126 141
126 143
126 146
126 147
126 148
126 149
127 2
127 3
127 5
127 6
127 9
127 11
127 12
127 15
127 16
127 17
127 18
127 19
127 21
127 22
127 23
127 24
127 25
127 26
127 27
127 28
127 30
127 33
127 35
127 37
127 38
127 40
127 41
127 42
127 43
127 46
127 47
127 51
127 53
127 56
127 57
127 58
127 59
127 60
127 62
127 66
127 67
127 69
127 70
127 72
127 76
127 77
127 78
127 79
127 80
127 81
127 86
127 87
127 88
127 89
127 90
127 91
127 93
127 94
127 95
127 96
127 97
127 98
127 99
127 100
127 101
127 102
127 103
127 104
127 105
127 106
127 107
127 110
127 111
127 112
127 114
127 116
127 117
127 120
127 122
127 123
127 124
127 125
127 126
127 128
127 130
127 131
127 133
127 135
127 138
127 139
127 141
127 142
127 143
127 144
127 145
127 146
127 147
128 0
128 1
128 2
128 4
128 7
128 8
128 9
128 10
128 14
128 18
128 21
128 22
128 23
128 29
128 32
128 33
128 34
128 35
128 36
128 37
128 39
128 42
128 43
128 45
128 46
128 48
128 49
128 51
128 54
128 58
128 59
128 60
128 61
128 63
128 64
128 66
128 69
128 70
128 71
128 72
128 74
128 76
128 77
128 79
128 80
128 82
128 83
128 84
128 85
128 88
128 89
128 90
128 92
128 94
128 95
128 96
128 100
128 102
128 103
128 106
128 108
128 109
128 110
128 113
128 115
128 116
128 117
128 119
128 120
128 121
128 122
128 123
128 124
128 127
128 129
128 131
128 132
128 133
128 135
128 138
128 139
128 141
128 142
128 143
128 145
128 148
128 149
129 0
129 1
129 5
129 6
129 7
129 8
129 10
129 12
129 14
129 18
129 19
129 20
129 21
129 23
129 24
129 26
129 27
129 28
129 29
129 33
129 35
129 37
129 38
129 39
129 42
129 43
129 44
129 45
129 46
129 48
129 49
129 53
129 54
129 57
129 58
129 59
129 61
129 62
129 63
129 64
129 65
129 66
129 68
129 69
129 73
129 74
129 75
129 79
129 80
129 81
129 82
129 83
129 84
129 85
129 86
129 87
129 88
129 90
129 94
129 95
129 98
129 100
129 102
129 103
129 104
129 105
129 106
129 108
129 109
129 114
129 115
129 119
129 120
129 121
129 123
129 125
129 126
129 128
129 133
129 134
129 135
129 136
129 137
129 139
129 140
129 142
129 143
129 144
129 145
129 146
129 147
129 149
130 2
130 5
130 6
130 7
130 8
130 11
130 12
130 14
130 15
130 16
130 20
130 22
130 26
130 28
130 29
130 30
130 31
130 32
130 34
130 35
130 36
130 37
130 38
130 39
130 40
130 45
130 46
130 47
130 48
130 49
130 53
130 56
130 57
130 59
130 60
130 61
130 62
130 67
130 69
130 70
130 71
130 72
130 73
130 74
130 75
130 77
130 78
130 80
130 82
130 84
130 85
130 89
130 90
130 95
130 96
130 98
130 99
130 100
130 101
130 102
130 105
130 108
130 111
130 112
130 113
130 114
130 119
130 120
130 121
130 122
130 124
130 125
130 126
130 127
130 135
130 136
130 137
130 141
130 144
130 148
130 149
131 6
131 11
131 14
131 16
131 21
131 22
131 24
131 25
131 26
131 27
131 28
131 30
131 31
131 34
131 35
131 37
131 41
131 42
131 45
131 46
131 48
131 50
131 54
131 55
131 57
131 59
131 60
131 62
131 70
131 71
131 75
131 78
131 79
131 80
131 82
131 84
131 85
131 88
131 92
131 93
131 94
131 95
131 96
131 97
131 98
131 99
131 100
131 101
131 102
131 103
131 106
131 107
131 108
131 109
131 111
131 113
131 116
131 117
131 118
131 120
131 121
131 122
131 124
131 125
131 127
131 128
131 132
131 135
131 137
131 139
131 142
131 143
131 144
131 145
131 146
131 148
131 149
132 1
132 4
132 5
132 6
132 7
132 9
132 11
132 12
132 14
132 16
132 17
132 18
132 19
132 20
132 23
132 25
132 26
132 30
132 31
132 34
132 35
132 37
132 38
132 40
132 42
132 43
132 44
132 46
132 48
132 49
132 50
132 51
132 52
132 53
132 55
132 56
132 62
132 64
132 67
132 70
132 71
132 72
132 74
132 75
132 77
132 80
132 82
132 83
132 85
132 86
132 91
132 92
132 93
132 94
132 95
132 96
132 97
132 98
132 99
132 100
132 101
132 105
132 106
132 107
132 111
132 112
132 114
132 115
132 116
132 117
132 121
132 122
132 123
132 124
132 126
132 128
132 131
132 133
132 134
132 136
132 137
132 138
132 140
132 141
132 142
132 143
132 148
132 149
133 3
133 4
133 5
133 6
133 7
133 11
133 13
133 16
133 17
133 19
133 20
133 21
133 22
133 23
133 24
133 25
133 26
133 27
133 28
133 29
133 31
133 33
133 34
133 35
133 36
133 37
133 38
133 39
133 40
133 41
133 42
133 43
133 44
133 45
133 46
133 49
133 50
133 52
133 53
133 55
133 56
133 57
133 59
133 60
133 61
133 62
133 63
133 64
133 66
133 67
133 68
133 69
133 70
133 74
133 75
133 76
133 77
133 78
133 81
133 82
133 83
133 84
133 85
133 86
133 87
133 88
133 89
133 90
133 91
133 92
133 93
133 95
133 98
133 99
133 100
133 101
133 103
133 104
133 109
133 110
133 111
133 112
133 114
133 115
133 118
133 119
133 121
133 122
133 123
133 124
133 126
133 127
133 128
133 129
133 132
133 135
133 137
133 138
133 139
133 140
133 142
133 146
133 147
133 148
133 149
134 2
134 3
134 5
134 6
134 8
134 9
134 11
134 12
134 14
134 15
134 18
134 20
134 21
134 23
134 25
134 27
134 30
134 31
134 33
134 34
134 35
134 41
134 44
134 46
134 47
134 48
134 49
134 50
134 53
134 54
134 55
134 56
134 57
134 60
134 61
134 62
134 63
134 64
134 66
134 69
134 72
134 74
134 75
134 76
134 77
134 78
134 79
134 82
134 84
134 85
134 86
134 87
134 89
134 91
134 93
134 94
134 95
134 96
134 97
134 98
134 101
134 102
134 104
134 105
134 106
134 107
134 108
134 109
134 110
134 112
134 113
134 120
134 122
134 129
134 132
134 135
134 136
134 137
134 138
134 143
134 144
134 145
134 147
134 148
134 149
135 0
135 1
135 4
135 5
135 8
135 10
135 11
135 13
135 14
135 15
135 16
135 17
135 18
135 19
135 20
135 24
135 25
135 30
135 31
135 32
135 33
135 34
135 35
135 36
135 37
135 38
135 39
135 42
135 46
135 47
135 48
135 51
135 52
135 54
135 55
135 56
135 60
135 61
135 64
135 65
135 68
135 69
135 71
135 72
135 75
135 77
135 78
135 79
135 80
135 81
135 82
135 83
135 84
135 86
135 88
135 89
135 90
135 91
135 96
135 97
135 100
135 101
135 102
135 104
135 105
135 109
135 110
135 111
135 114
135 115
135 118
135 122
135 123
135 124
135 125
135 126
135 127
135 128
135 129
135 130
135 131
135 133
135 134
135 137
135 138
135 140
135 141
135 143
135 145
135 146
135 148
135 149
136 0
136 2
136 3
136 4
136 5
136 6
136 8
136 10
136 13
136 15
136 18
136 21
136 23
136 26
136 27
136 28
136 29
136 30
136 34
136 36
136 37
136 39
136 40
136 42
136 43
136 44
136 45
136 47
136 48
136 49
136 51
136 54
136 55
136 56
136 60
136 64
136 67
136 68
136 70
136 72
136 73
136 74
136 75
136 77
136 78
136 79
136 80
136 81
136 82
136 84
136 85
136 86
136 87
136 88
136 91
136 94
136 95
136 97
136 99
136 100
136 102
136 103
136 107
136 108
136 109
136 110
136 111
136 112
136 114
136 117
136 118
136 119
136 121
136 122
136 123
136 124
136 126
136 129
136 130
136 132
136 134
136 137
136 140
136 142
136 143
136 144
136 145
136 147
136 149
137 0
137 1
137 2
137 5
137 6
137 7
137 9
137 11
137 12
137 14
137 15
137 17
137 19
137 21
137 24
137 26
137 32
137 33
137 34
137 37
137 38
137 39
137 40
137 41
137 42
137 43
137 45
137 48
137 51
137 56
137 59
137 60
137 63
137 64
137 65
137 66
137 67
137 68
137 70
137 71
137 72
137 74
137 75
137 76
137 78
137 79
137 80
137 83
137 84
137 85
137 86
137 87
137 89
137 93
137 94
137 96
137 97
137 98
137 99
137 102
137 104
137 105
137 108
137 109
137 111
137 112
137 114
137 115
137 117
137 118
137 120
137 121
137 123
137 124
137 126
137 129
137 130
137 131
137 132
137 133
137 134
137 135
137 136
137 138
137 139
137 140
137 141
137 142
137 143
137 144
137 145
137 146
137 148
137 149
138 2
138 3
138 4
138 8
138 11
138 12
138 14
138 15
138 16
138 20
138 22
138 23
138 24
138 28
138 29
138 30
138 31
138 34
138 35
138 36
138 38
138 43
138 44
138 45
138 46
138 47
138 50
138 51
138 52
138 54
138 55
138 56
138 58
138 60
138 61
138 62
138 63
138 64
138 65
138 66
138 67
138 68
138 69
138 71
138 72
138 73
138 75
138 76
138 77
138 79
138 80
138 82
138 83
138 84
138 87
138 88
138 89
138 92
138 93
138 96
138 97
138 98
138 100
138 103
138 104
138 105
138 107
138 108
138 110
138 111
138 114
138 116
138 117
138 118
138 120
138 122
138 123
138 124
138 127
138 128
138 132
138 133
138 134
138 135
138 137
138 139
138 141
138 142
138 143
138 144
138 147
138 148
138 149
139 0
139 1
139 3
139 4
139 5
139 6
139 10
139 12
139 13
139 14
139 17
139 18
139 19
139 21
139 22
139 23
139 24
139 26
139 28
139 29
139 33
139 34
139 35
139 38
139 39
139 40
139 41
139 42
139 43
139 44
139 46
139 47
139 49
139 50
139 51
139 52
139 53
139 54
139 55
139 57
139 58
139 61
139 62
139 63
139 64
139 65
139 68
139 69
139 70
139 71
139 72
139 74
139 75
139 76
139 77
139 78
139 80
139 83
139 85
139 86
139 87
139 88
139 90
139 91
139 96
139 104
139 105
139 106
139 107
139 108
139 109
139 111
139 114
139 115
139 117
139 119
139 120
139 121
139 123
139 124
139 125
139 127
139 128
139 129
139 131
139 133
139 137
139 138
139 141
139 142
139 143
139 145
139 148
140 0
140 1
140 2
140 3
140 4
140 5
140 8
140 11
140 13
140 15
140 17
140 20
140 21
140 22
140 24
140 25
140 26
140 27
140 28
140 31
140 33
140 35
140 37
140 38
140 40
140 41
140 42
140 43
140 44
140 45
140 46
140 47
140 50
140 51
140 52
140 56
140 57
140 59
140 60
140 62
140 63
140 64
140 65
140 66
140 67
140 69
140 73
140 74
140 76
140 77
140 78
140 81
140 82
140 88
140 89
140 90
140 91
140 94
140 96
140 101
140 102
140 106
140 107
140 108
140 110
140 111
140 113
140 114
140 116
140 117
140 119
140 124
140 125
140 129
140 132
140 133
140 135
140 136
140 137
140 141
140 143
140 145
140 146
140 147
140 149
141 1
141 2
141 4
141 7
141 9
141 10
141 11
141 14
141 16
141 17
141 18
141 19
141 22
141 23
141 24
141 25
141 26
141 29
141 31
141 35
141 37
141 39
141 40
141 44
141 45
141 49
141 50
141 51
141 52
141 53
141 54
141 55
141 57
141 58
141 60
141 61
141 62
141 63
141 64
141 65
141 67
141 70
141 71
141 73
141 75
141 77
141 78
141 81
141 82
141 83
141 84
141 86
141 88
141 94
141 95
141 96
141 97
141 101
141 102
141 103
141 104
141 105
141 106
141 107
141 108
141 110
141 111
141 112
141 113
141 114
141 117
141 118
141 120
141 121
141 124
141 126
141 127
141 128
141 130
141 132
141 135
141 137
141 138
141 139
141 140
141 142
141 144
141 145
141 148
141 149
142 0
142 1
142 2
142 5
142 6
142 7
142 9
142 11
142 13
142 15
142 17
142 18
142 19
142 24
142 25
142 26
142 28
142 33
142 34
142 35
142 37
142 39
142 40
142 41
142 42
142 44
142 45
142 47
142 49
142 51
142 52
142 53
142 54
142 55
142 56
142 60
142 61
142 62
142 63
142 64
142 66
142 68
142 69
142 71
142 72
142 74
142 76
142 77
142 78
142 80
142 82
142 85
142 90
142 93
142 94
142 95
142 98
142 99
142 100
142 101
142 102
142 103
142 104
142 106
142 107
142 108
142 110
142 111
142 112
142 113
142 114
142 116
142 117
142 118
142 119
142 120
142 122
142 124
142 125
142 127
142 128
142 129
142 131
142 132
142 133
142 136
142 137
142 138
142 139
142 141
142 143
142 146
142 148
142 149
143 0
143 1
143 3
143 4
143 5
143 6
143 7
143 9
143 10
143 12
143 13
143 14
143 15
143 16
143 17
143 18
143 19
143 21
143 22
143 23
143 24
143 26
143 28
143 33
143 34
143 36
143 37
143 40
143 41
143 42
143 43
143 44
143 45
143 46
143 47
143 48
143 50
143 51
143 52
143 53
143 54
143 55
143 56
143 58
143 63
143 64
143 66
143 67
143 69
143 70
143 72
143 73
143 74
143 77
143 79
143 81
143 82
143 83
143 87
143 89
143 90
143 91
143 93
143 95
143 97
143 98
143 99
143 100
143 101
143 102
143 103
143 107
143 108
143 109
143 112
143 114
143 116
143 118
143 119
143 121
143 122
143 123
143 124
143 125
143 126
143 127
143 128
143 129
143 131
143 132
143 134
143 135
143 136
143 137
143 138
143 139
143 140
143 142
143 145
143 147
143 148
143 149
144 0
144 1
144 2
144 4
144 5
144 6
144 8
144 9
144 11
144 12
144 13
144 14
144 15
144 16
144 17
144 18
144 19
144 20
144 21
144 22
144 23
144 24
144 25
144 27
144 29
144 31
144 33
144 34
144 36
144 38
144 41
144 42
144 45
144 47
144 48
144 49
144 50
144 51
144 52
144 54
144 57
144 59
144 61
144 67
144 68
144 73
144 75
144 77
144 79
144 80
144 81
144 86
144 87
144 89
144 90
144 93
144 94
144 95
144 97
144 98
144 99
144 103
144 104
144 106
144 107
144 110
144 111
144 112
144 113
144 115
144 123
144 124
144 125
144 127
144 129
144 130
144 131
144 134
144 136
144 137
144 138
144 141
144 145
144 146
144 147
144 149
145 0
145 1
145 2
145 5
145 8
145 9
145 11
145 12
145 13
145 14
145 15
145 16
145 17
145 18
145 20
145 21
145 22
145 23
145 25
145 26
145 27
145 28
145 29
145 30
145 31
145 32
145 33
145 34
145 36
145 39
145 43
145 45
145 46
145 49
145 50
145 52
145 53
145 55
145 56
145 58
145 59
145 60
145 61
145 63
145 66
145 67
145 68
145 70
145 71
145 73
145 74
145 75
145 76
145 77
145 78
145 79
145 80
145 82
145 83
145 85
145 86
145 87
145 89
145 90
145 91
145 92
145 93
145 94
145 95
145 96
145 97
145 100
145 104
145 109
145 111
145 112
145 113
145 114
145 115
145 117
145 118
145 122
145 123
145 124
145 127
145 128
145 129
145 131
145 134
145 135
145 136
145 137
145 139
145 140
145 141
145 143
145 144
145 146
145 147
145 149
146 0
146 1
146 4
146 5
146 10
146 11
146 14
146 15
146 16
146 18
146 22
146 25
146 28
146 31
146 32
146 33
146 34
146 35
146 36
146 40
146 41
146 42
146 45
146 47
146 49
146 53
146 55
146 56
146 57
146 58
146 59
146 63
146 64
146 65
146 66
146 67
146 68
146 69
146 70
146 71
146 72
146 76
146 77
146 78
146 79
146 83
146 84
146 86
146 87
146 88
146 90
146 91
146 92
146 95
146 96
146 98
146 99
146 102
146 105
146 109
146 110
146 113
146 115
146 116
146 117
146 118
146 119
146 121
146 122
146 123
146 124
146 126
146 127
146 129
146 131
146 133
146 135
146 137
146 140
146 142
146 144
146 145
146 148
147 0
147 1
147 3
147 4
147 9
147 10
147 11
147 14
147 16
147 18
147 20
147 21
147 22
147 23
147 27
147 28
147 30
147 33
147 34
147 35
147 39
147 42
147 47
147 51
147 53
147 56
147 57
147 62
147 64
147 65
147 66
147 67
147 68
147 69
147 70
147 71
147 72
147 73
147 74
147 77
147 78
147 80
147 82
147 83
147 84
147 86
147 87
147 89
147 91
147 92
147 97
147 98
147 99
147 100
147 101
147 102
147 103
147 104
147 105
147 107
147 110
147 111
147 113
147 114
147 116
147 118
147 119
147 120
147 124
147 126
147 127
147 129
147 133
147 134
147 136
147 138
147 140
147 143
147 144
147 145
147 149
148 1
148 2
148 4
148 5
148 7
148 8
148 9
148 11
148 18
148 19
148 20
148 21
148 22
148 23
148 25
148 26
148 27
148 28
148 31
148 35
148 37
148 42
148 43
148 45
148 46
148 48
148 49
148 50
148 51
148 52
148 53
148 54
148 56
148 57
148 58
148 59
148 60
148 62
148 63
148 64
148 65
148 70
148 71
148 72
148 73
148 74
148 76
148 77
148 79
148 80
148 81
148 84
148 85
148 86
148 87
148 89
148 93
148 94
148 95
148 96
148 97
148 99
148 100
148 101
148 102
148 103
148 104
148 105
148 107
148 110
148 117
148 118
148 121
148 125
148 126
148 128
148 130
148 131
148 132
148 133
148 134
148 135
148 137
148 138
148 139
148 141
148 142
148 143
148 146
149 1
149 2
149 3
149 9
149 11
149 12
149 14
149 18
149 19
149 20
149 22
149 23
149 24
149 25
149 26
149 27
149 32
149 33
149 35
149 38
149 40
149 41
149 46
149 47
149 48
149 49
149 50
149 51
149 52
149 53
149 54
149 55
149 56
149 57
149 58
149 60
149 61
149 62
149 63
149 64
149 67
149 68
149 69
149 73
149 74
149 75
149 78
149 79
149 81
149 82
149 83
149 85
149 86
149 88
149 91
149 92
149 93
149 94
149 97
149 98
149 100
149 102
149 106
149 107
149 108
149 109
149 111
149 112
149 114
149 116
149 117
149 120
149 121
149 123
149 124
149 125
149 126
149 128
149 129
149 130
149 131
149 132
149 133
149 134
149 135
149 136
149 137
149 138
149 140
149 141
149 142
149 143
149 144
149 145
149 147
-1 -1 