150 5528
0 1
0 2
0 3
0 6
0 8
0 9
0 12
0 15
0 16
0 19
0 21
0 24
0 25
0 26
0 27
0 30
0 31
0 32
0 34
0 39
0 41
0 42
0 43
0 44
0 45
0 49
0 50
0 54
0 56
0 57
0 58
0 60
0 65
0 66
0 67
0 68
0 69
0 73
0 77
0 81
0 82
0 86
0 87
0 90
0 92
0 94
0 95
0 100
0 102
0 105
0 107
0 112
0 114
0 119
0 120
0 123
0 124
0 125
0 126
0 129
0 130
0 131
0 133
0 135
0 138
0 141
0 145
0 147
1 0
1 2
1 5
1 7
1 8
1 12
1 15
1 20
1 21
1 22
1 24
1 26
1 29
1 30
1 31
1 33
1 34
1 36
1 38
1 42
1 44
1 46
1 48
1 49
1 50
1 52
1 55
1 56
1 57
1 60
1 62
1 63
1 66
1 67
1 69
1 71
1 73
1 74
1 76
1 79
1 80
1 81
1 85
1 86
1 87
1 90
1 91
1 92
1 95
1 96
1 97
1 98
1 99
1 100
1 101
1 103
1 104
1 105
1 106
1 107
1 109
1 110
1 111
1 112
1 113
1 115
1 123
1 124
1 126
1 128
1 130
1 135
1 139
1 140
1 141
1 142
1 143
1 145
1 146
1 148
1 149
2 0
2 1
2 4
2 5
2 6
2 7
2 8
2 10
2 15
2 18
2 21
2 22
2 23
2 26
2 28
2 29
2 31
2 38
2 45
2 47
2 48
2 50
2 51
2 52
2 58
2 59
2 60
2 61
2 63
2 66
2 67
2 69
2 73
2 75
2 76
2 77
2 78
2 79
2 83
2 88
2 91
2 92
2 93
2 95
2 98
2 100
2 103
2 109
2 110
2 112
2 113
2 116
2 117
2 119
2 120
2 121
2 123
2 129
2 131
2 133
2 134
2 135
2 136
2 138
2 139
2 142
2 143
2 146
2 149
3 0
3 5
3 8
3 9
3 11
3 12
3 13
3 17
3 18
3 22
3 24
3 25
3 27
3 28
3 30
3 32
3 34
3 35
3 36
3 37
3 38
3 43
3 44
3 45
3 49
3 52
3 54
3 55
3 56
3 59
3 60
3 65
3 66
3 67
3 68
3 69
3 74
3 75
3 76
3 79
3 81
3 82
3 84
3 85
3 86
3 88
3 89
3 90
3 91
3 94
3 95
3 97
3 98
3 100
3 102
3 103
3 105
3 106
3 107
3 108
3 111
3 115
3 116
3 117
3 120
3 121
3 122
3 123
3 124
3 125
3 128
3 131
3 132
3 133
3 134
3 137
3 141
3 144
3 146
3 148
3 149
4 2
4 8
4 12
4 15
4 23
4 25
4 26
4 27
4 28
4 29
4 31
4 34
4 37
4 40
4 44
4 46
4 47
4 49
4 53
4 54
4 56
4 57
4 58
4 59
4 61
4 62
4 64
4 66
4 67
4 70
4 73
4 76
4 84
4 86
4 87
4 89
4 90
4 92
4 93
4 94
4 96
4 97
4 98
4 99
4 101
4 103
4 107
4 109
4 112
4 113
4 115
4 117
4 119
4 122
4 123
4 124
4 127
4 129
4 130
4 131
4 134
4 143
4 144
4 146
4 147
4 149
5 1
5 2
5 3
5 8
5 9
5 10
5 11
5 13
5 14
5 21
5 22
5 26
5 27
5 29
5 31
5 33
5 34
5 35
5 36
5 38
5 45
5 48
5 50
5 53
5 54
5 56
5 57
5 61
5 62
5 66
5 68
5 69
5 70
5 73
5 75
5 76
5 82
5 83
5 84
5 85
5 88
5 89
5 91
5 94
5 97
5 98
5 99
5 105
5 107
5 108
5 116
5 117
5 118
5 120
5 121
5 122
5 124
5 125
5 126
5 133
5 137
5 140
5 141
5 143
5 144
5 145
5 149
6 0
6 2
6 7
6 8
6 9
6 10
6 13
6 15
6 18
6 20
6 23
6 28
6 29
6 32
6 36
6 37
6 40
6 41
6 42
6 43
6 44
6 45
6 46
6 49
6 52
6 53
6 54
6 63
6 65
6 66
6 67
6 69
6 72
6 74
6 76
6 77
6 79
6 81
6 82
6 85
6 86
6 91
6 92
6 94
6 96
6 99
6 103
6 117
6 118
6 120
6 124
6 126
6 127
6 128
6 131
6 132
6 134
6 136
6 138
6 139
6 142
6 143
6 145
6 146
7 1
7 2
7 6
7 8
7 12
7 13
7 14
7 16
7 20
7 21
7 24
7 27
7 28
7 29
7 32
7 33
7 34
7 39
7 41
7 44
7 45
7 48
7 51
7 53
7 56
7 57
7 58
7 59
7 60
7 61
7 62
7 71
7 72
7 73
7 74
7 80
7 83
7 85
7 88
7 89
7 90
7 92
7 95
7 100
7 101
7 104
7 110
7 111
7 112
7 113
7 114
7 115
7 116
7 118
7 121
7 122
7 123
7 124
7 126
7 127
7 129
7 136
7 138
7 139
7 140
7 141
7 143
7 144
7 145
7 146
7 148
7 149
8 0
8 1
8 2
8 3
8 4
8 5
8 6
8 7
8 9
8 10
8 11
8 13
8 14
8 18
8 19
8 21
8 22
8 25
8 26
8 28
8 30
8 32
8 36
8 40
8 42
8 43
8 46
8 49
8 57
8 59
8 62
8 63
8 64
8 71
8 72
8 74
8 75
8 78
8 80
8 82
8 83
8 84
8 85
8 87
8 88
8 89
8 94
8 95
8 97
8 104
8 107
8 109
8 110
8 111
8 115
8 118
8 121
8 125
8 128
8 129
8 130
8 136
8 137
8 138
8 139
8 140
8 143
8 147
9 0
9 3
9 5
9 6
9 8
9 10
9 13
9 15
9 17
9 19
9 20
9 22
9 23
9 24
9 25
9 26
9 27
9 28
9 32
9 37
9 38
9 42
9 43
9 45
9 46
9 48
9 50
9 51
9 52
9 54
9 55
9 56
9 57
9 58
9 60
9 61
9 62
9 65
9 70
9 74
9 78
9 79
9 80
9 82
9 83
9 85
9 86
9 87
9 88
9 91
9 93
9 99
9 101
9 102
9 104
9 105
9 106
9 108
9 110
9 111
9 112
9 113
9 116
9 117
9 118
9 120
9 123
9 125
9 128
9 132
9 136
9 137
9 138
9 139
9 144
9 145
9 149
10 2
10 5
10 6
10 8
10 9
10 16
10 17
10 18
10 19
10 22
10 26
10 31
10 37
10 38
10 39
10 41
10 42
10 43
10 44
10 45
10 46
10 48
10 49
10 50
10 51
10 52
10 54
10 57
10 58
10 59
10 62
10 64
10 66
10 67
10 68
10 70
10 74
10 75
10 76
10 77
10 78
10 79
10 80
10 81
10 84
10 87
10 88
10 92
10 93
10 94
10 97
10 98
10 99
10 100
10 103
10 108
10 110
10 112
10 115
10 119
10 121
10 122
10 125
10 127
10 132
10 133
10 134
10 135
10 137
10 138
10 139
10 140
10 143
10 145
10 148
10 149
11 3
11 5
11 8
11 12
11 13
11 14
11 16
11 19
11 20
11 22
11 24
11 30
11 31
11 32
11 35
11 37
11 38
11 39
11 40
11 43
11 53
11 55
11 59
11 60
11 62
11 63
11 64
11 66
11 68
11 69
11 70
11 73
11 77
11 86
11 87
11 89
11 91
11 92
11 94
11 95
11 96
11 101
11 102
11 105
11 106
11 107
11 108
11 110
11 114
11 117
11 118
11 120
11 123
11 128
11 130
11 131
11 132
11 133
11 134
11 135
11 136
11 138
11 141
11 142
11 144
11 145
11 146
11 147
11 149
12 0
12 1
12 3
12 4
12 7
12 11
12 15
12 22
12 23
12 26
12 27
12 28
12 30
12 31
12 36
12 39
12 41
12 43
12 44
12 46
12 48
12 50
12 51
12 53
12 55
12 56
12 57
12 62
12 68
12 71
12 72
12 73
12 74
12 76
12 78
12 80
12 81
12 82
12 83
12 85
12 86
12 88
12 91
12 93
12 95
12 96
12 97
12 101
12 104
12 107
12 108
12 111
12 112
12 114
12 115
12 117
12 118
12 119
12 120
12 121
12 123
12 126
12 127
12 128
12 129
12 132
12 134
12 135
12 136
12 137
12 138
12 140
12 141
12 147
12 149
13 3
13 5
13 6
13 7
13 8
13 9
13 11
13 15
13 16
13 18
13 20
13 21
13 23
13 24
13 26
13 28
13 29
13 30
13 31
13 32
13 38
13 43
13 44
13 45
13 46
13 48
13 50
13 51
13 52
13 58
13 61
13 63
13 72
13 73
13 74
13 75
13 76
13 81
13 83
13 85
13 88
13 92
13 94
13 97
13 99
13 100
13 103
13 104
13 106
13 114
13 121
13 123
13 124
13 125
13 128
13 130
13 131
13 133
13 134
13 135
13 136
13 139
13 140
13 142
13 147
13 149
14 5
14 7
14 8
14 11
14 15
14 17
14 18
14 19
14 20
14 26
14 27
14 29
14 30
14 31
14 33
14 34
14 36
14 37
14 38
14 40
14 42
14 47
14 48
14 49
14 50
14 51
14 52
14 53
14 54
14 59
14 62
14 64
14 65
14 66
14 70
14 71
14 74
14 76
14 77
14 78
14 81
14 84
14 85
14 86
14 88
14 89
14 91
14 95
14 99
14 101
14 102
14 103
14 107
14 110
14 113
14 121
14 122
14 123
14 126
14 130
14 132
14 134
14 137
14 138
14 139
14 140
14 142
14 143
14 148
14 149
15 0
15 1
15 2
15 4
15 6
15 9
15 12
15 13
15 14
15 16
15 17
15 18
15 20
15 21
15 22
15 25
15 28
15 30
15 31
15 33
15 35
15 36
15 37
15 39
15 40
15 41
15 43
15 44
15 47
15 49
15 55
15 56
15 58
15 61
15 62
15 63
15 66
15 67
15 68
15 69
15 70
15 72
15 74
15 77
15 79
15 81
15 83
15 88
15 91
15 92
15 93
15 95
15 96
15 99
15 102
15 105
15 106
15 107
15 108
15 109
15 111
15 113
15 116
15 117
15 119
15 120
15 123
15 126
15 128
15 130
15 132
15 134
15 136
15 143
15 144
15 145
15 147
15 148
16 0
16 7
16 10
16 11
16 13
16 15
16 17
16 18
16 22
16 25
16 26
16 28
16 30
16 31
16 32
16 33
16 34
16 35
16 37
16 38
16 40
16 41
16 42
16 46
16 47
16 48
16 49
16 54
16 55
16 56
16 58
16 59
16 60
16 63
16 64
16 65
16 71
16 73
16 75
16 76
16 78
16 81
16 82
16 84
16 85
16 89
16 91
16 93
16 95
16 96
16 99
16 100
16 102
16 104
16 105
16 106
16 107
16 109
16 112
16 113
16 115
16 117
16 119
16 120
16 127
16 129
16 130
16 133
16 135
16 136
16 137
16 138
16 139
16 140
16 141
16 143
16 147
16 148
17 3
17 9
17 10
17 14
17 15
17 16
17 19
17 24
17 25
17 26
17 29
17 30
17 32
17 35
17 37
17 39
17 40
17 43
17 45
17 46
17 48
17 49
17 51
17 52
17 53
17 54
17 57
17 58
17 59
17 60
17 62
17 63
17 67
17 69
17 72
17 73
17 77
17 79
17 80
17 81
17 82
17 84
17 86
17 87
17 88
17 91
17 92
17 96
17 97
17 99
17 100
17 102
17 103
17 105
17 112
17 114
17 115
17 116
17 117
17 118
17 120
17 121
17 122
17 124
17 125
17 126
17 127
17 130
17 131
17 133
17 135
17 136
17 137
17 139
17 140
17 148
18 2
18 3
18 6
18 8
18 10
18 13
18 14
18 15
18 16
18 19
18 20
18 22
18 23
18 24
18 27
18 29
18 30
18 32
18 33
18 34
18 36
18 37
18 39
18 40
18 41
18 42
18 44
18 48
18 51
18 52
18 54
18 55
18 59
18 63
18 66
18 69
18 71
18 73
18 74
18 76
18 78
18 81
18 82
18 83
18 86
18 87
18 93
18 94
18 97
18 99
18 101
18 102
18 104
18 106
18 107
18 108
18 109
18 110
18 111
18 112
18 113
18 114
18 116
18 117
18 123
18 124
18 126
18 132
18 134
18 135
18 136
18 138
18 139
18 141
18 142
18 143
18 145
18 146
19 0
19 8
19 9
19 10
19 11
19 14
19 17
19 18
19 20
19 21
19 24
19 26
19 28
19 29
19 31
19 32
19 34
19 35
19 37
19 39
19 43
19 44
19 46
19 47
19 48
19 52
19 53
19 54
19 63
19 64
19 66
19 67
19 68
19 69
19 73
19 74
19 75
19 78
19 79
19 82
19 83
19 85
19 86
19 88
19 92
19 94
19 97
19 102
19 103
19 105
19 106
19 107
19 108
19 109
19 110
19 114
19 118
19 120
19 121
19 123
19 124
19 126
19 129
19 134
19 136
19 138
19 140
19 145
19 146
19 149
20 1
20 6
20 7
20 9
20 11
20 13
20 14
20 15
20 18
20 19
20 21
20 23
20 26
20 27
20 29
20 32
20 33
20 34
20 37
20 38
20 39
20 40
20 41
20 45
20 46
20 47
20 49
20 52
20 59
20 63
20 64
20 65
20 66
20 68
20 69
20 70
20 73
20 74
20 75
20 76
20 78
20 79
20 85
20 86
20 91
20 93
20 94
20 98
20 99
20 100
20 103
20 105
20 107
20 109
20 110
20 114
20 115
20 117
20 118
20 122
20 124
20 125
20 126
20 127
20 129
20 130
20 131
20 133
20 134
20 137
20 142
20 143
20 144
20 145
20 147
20 149
21 0
21 1
21 2
21 5
21 7
21 8
21 13
21 15
21 19
21 20
21 23
21 25
21 27
21 29
21 31
21 35
21 38
21 42
21 44
21 46
21 49
21 50
21 52
21 57
21 58
21 60
21 61
21 63
21 64
21 65
21 66
21 67
21 68
21 69
21 72
21 74
21 76
21 78
21 79
21 80
21 83
21 88
21 89
21 90
21 91
21 92
21 93
21 95
21 96
21 99
21 100
21 104
21 105
21 107
21 108
21 109
21 110
21 111
21 113
21 115
21 116
21 118
21 119
21 123
21 124
21 128
21 131
21 134
21 140
21 141
21 142
21 144
21 146
21 148
21 149
22 1
22 2
22 3
22 5
22 8
22 9
22 10
22 11
22 12
22 15
22 16
22 18
22 23
22 27
22 30
22 33
22 34
22 36
22 38
22 40
22 45
22 47
22 49
22 53
22 55
22 57
22 62
22 63
22 66
22 68
22 72
22 73
22 74
22 75
22 77
22 79
22 84
22 87
22 90
22 92
22 95
22 97
22 99
22 100
22 106
22 107
22 109
22 112
22 116
22 120
22 121
22 124
22 129
22 130
22 131
22 132
22 133
22 134
22 139
22 141
22 142
22 146
23 2
23 4
23 6
23 9
23 12
23 13
23 18
23 20
23 21
23 22
23 27
23 33
23 36
23 38
23 39
23 44
23 46
23 49
23 51
23 52
23 58
23 60
23 61
23 66
23 70
23 71
23 72
23 74
23 77
23 78
23 79
23 83
23 84
23 85
23 86
23 87
23 88
23 89
23 91
23 94
23 96
23 97
23 100
23 101
23 102
23 103
23 106
23 110
23 114
23 115
23 117
23 120
23 122
23 126
23 129
23 131
23 132
23 133
23 135
23 140
23 143
23 144
23 145
23 147
23 148
24 0
24 1
24 3
24 7
24 9
24 11
24 13
24 17
24 18
24 19
24 27
24 34
24 35
24 36
24 37
24 39
24 43
24 44
24 47
24 48
24 49
24 50
24 51
24 55
24 58
24 61
24 67
24 74
24 77
24 79
24 82
24 83
24 84
24 85
24 86
24 88
24 89
24 90
24 91
24 92
24 99
24 101
24 102
24 103
24 104
24 105
24 106
24 107
24 109
24 110
24 111
24 113
24 116
24 117
24 119
24 123
24 125
24 127
24 128
24 131
24 132
24 133
24 134
24 138
24 139
24 142
24 146
24 147
24 149
25 0
25 3
25 4
25 8
25 9
25 15
25 16
25 17
25 21
25 31
25 32
25 35
25 36
25 37
25 39
25 41
25 43
25 46
25 48
25 49
25 50
25 51
25 55
25 56
25 57
25 64
25 65
25 66
25 69
25 70
25 73
25 75
25 76
25 78
25 79
25 81
25 82
25 84
25 86
25 87
25 88
25 89
25 90
25 92
25 94
25 95
25 98
25 99
25 102
25 103
25 107
25 109
25 110
25 112
25 114
25 119
25 121
25 123
25 124
25 127
25 128
25 129
25 132
25 133
25 134
25 135
25 136
25 137
25 141
25 142
25 144
25 146
25 147
25 149
26 0
26 1
26 2
26 4
26 5
26 8
26 9
26 10
26 12
26 13
26 14
26 16
26 17
26 19
26 20
26 27
26 28
26 30
26 31
26 32
26 33
26 34
26 42
26 43
26 44
26 46
26 47
26 48
26 49
26 51
26 54
26 59
26 61
26 62
26 66
26 67
26 70
26 71
26 74
26 75
26 76
26 79
26 80
26 82
26 83
26 85
26 86
26 91
26 92
26 94
26 99
26 101
26 102
26 106
26 107
26 111
26 113
26 118
26 119
26 120
26 122
26 123
26 128
26 129
26 130
26 132
26 133
26 134
26 135
26 136
26 137
26 141
26 143
26 144
26 145
26 146
26 147
26 148
26 149
27 0
27 3
27 4
27 5
27 7
27 9
27 12
27 14
27 18
27 20
27 21
27 22
27 23
27 24
27 26
27 28
27 29
27 30
27 31
27 32
27 33
27 36
27 37
27 38
27 40
27 42
27 43
27 44
27 49
27 54
27 56
27 60
27 63
27 64
27 65
27 66
27 67
27 68
27 69
27 70
27 71
27 72
27 73
27 74
27 77
27 80
27 81
27 82
27 83
27 84
27 85
27 86
27 89
27 91
27 92
27 93
27 95
27 96
27 99
27 101
27 102
27 103
27 104
27 107
27 109
27 111
27 112
27 115
27 116
27 117
27 118
27 119
27 124
27 125
27 128
27 131
27 132
27 134
27 136
27 137
27 138
27 139
27 140
27 141
27 142
27 144
27 145
27 146
28 2
28 3
28 4
28 6
28 7
28 8
28 9
28 12
28 13
28 15
28 16
28 19
28 26
28 27
28 29
28 32
28 33
28 34
28 35
28 37
28 38
28 39
28 41
28 44
28 45
28 48
28 50
28 52
28 55
28 60
28 62
28 64
28 67
28 71
28 72
28 73
28 74
28 76
28 78
28 81
28 84
28 85
28 89
28 91
28 92
28 94
28 96
28 98
28 102
28 103
28 106
28 107
28 113
28 114
28 116
28 118
28 119
28 120
28 122
28 124
28 125
28 127
28 128
28 130
28 132
28 134
28 135
28 136
28 137
28 139
28 141
28 148
29 1
29 2
29 4
29 5
29 6
29 7
29 13
29 14
29 17
29 18
29 19
29 20
29 21
29 27
29 28
29 30
29 32
29 33
29 41
29 43
29 46
29 49
29 51
29 52
29 53
29 54
29 55
29 56
29 59
29 63
29 64
29 65
29 75
29 76
29 77
29 81
29 84
29 85
29 86
29 87
29 89
29 91
29 92
29 93
29 95
29 97
29 98
29 101
29 104
29 108
29 109
29 110
29 111
29 112
29 114
29 117
29 119
29 120
29 121
29 123
29 125
29 126
29 127
29 128
29 130
29 134
29 137
29 141
29 142
29 143
29 145
29 146
29 148
29 149
30 0
30 1
30 3
30 8
30 11
30 12
30 13
30 14
30 15
30 16
30 17
30 18
30 22
30 26
30 27
30 29
30 31
30 32
30 33
30 34
30 35
30 36
30 37
30 42
30 44
30 50
30 53
30 55
30 60
30 64
30 67
30 68
30 70
30 72
30 73
30 74
30 76
30 78
30 79
30 80
30 84
30 92
30 96
30 98
30 99
30 100
30 103
30 104
30 105
30 106
30 107
30 108
30 111
30 112
30 115
30 116
30 117
30 120
30 121
30 126
30 128
30 130
30 131
30 135
30 138
30 139
30 142
30 143
30 146
30 147
30 148
31 0
31 1
31 2
31 4
31 5
31 10
31 11
31 12
31 13
31 14
31 15
31 16
31 19
31 21
31 25
31 26
31 27
31 30
31 32
31 34
31 35
31 36
31 38
31 40
31 44
31 48
31 49
31 53
31 55
31 57
31 59
31 62
31 64
31 68
31 69
31 70
31 72
31 73
31 76
31 79
31 82
31 83
31 84
31 86
31 87
31 92
31 95
31 96
31 97
31 98
31 101
31 103
31 104
31 109
31 111
31 112
31 113
31 117
31 118
31 120
31 121
31 124
31 125
31 127
31 128
31 131
31 133
31 135
31 140
31 141
31 142
31 143
31 144
31 148
32 0
32 3
32 6
32 7
32 8
32 9
32 11
32 13
32 16
32 17
32 18
32 19
32 20
32 25
32 26
32 27
32 28
32 29
32 30
32 31
32 33
32 36
32 39
32 40
32 41
32 43
32 44
32 47
32 49
32 50
32 52
32 54
32 58
32 59
32 61
32 62
32 63
32 65
32 67
32 68
32 70
32 71
32 73
32 76
32 77
32 80
32 82
32 85
32 90
32 92
32 93
32 94
32 95
32 97
32 99
32 100
32 101
32 108
32 109
32 110
32 111
32 112
32 113
32 120
32 121
32 122
32 123
32 130
32 132
32 133
32 135
32 138
32 139
32 140
32 141
32 143
32 146
33 1
33 5
33 7
33 14
33 15
33 16
33 18
33 20
33 22
33 23
33 26
33 27
33 28
33 29
33 30
33 32
33 34
33 35
33 37
33 38
33 39
33 41
33 42
33 43
33 45
33 46
33 47
33 48
33 50
33 53
33 55
33 57
33 58
33 59
33 60
33 61
33 62
33 63
33 64
33 66
33 69
33 71
33 77
33 79
33 80
33 85
33 86
33 87
33 91
33 92
33 95
33 97
33 98
33 104
33 108
33 110
33 113
33 117
33 119
33 121
33 126
33 127
33 128
33 129
33 132
33 133
33 135
33 137
33 138
33 139
33 140
33 143
33 146
33 148
34 0
34 1
34 3
34 4
34 5
34 7
34 14
34 16
34 18
34 19
34 20
34 22
34 24
34 26
34 28
34 30
34 31
34 33
34 35
34 38
34 41
34 43
34 46
34 48
34 51
34 52
34 53
34 54
34 57
34 61
34 62
34 64
34 67
34 68
34 69
34 70
34 71
34 73
34 75
34 79
34 82
34 85
34 86
34 88
34 89
34 92
34 95
34 97
34 101
34 103
34 104
34 106
34 108
34 111
34 112
34 113
34 117
34 120
34 121
34 122
34 131
34 132
34 133
34 135
34 136
34 138
34 139
34 142
34 144
34 147
34 149
35 3
35 5
35 11
35 15
35 16
35 17
35 19
35 21
35 24
35 25
35 28
35 30
35 31
35 33
35 34
35 36
35 37
35 38
35 39
35 41
35 42
35 44
35 45
35 48
35 50
35 53
35 56
35 57
35 58
35 59
35 62
35 67
35 68
35 72
35 73
35 74
35 76
35 78
35 79
35 80
35 83
35 85
35 86
35 87
35 90
35 91
35 98
35 99
35 102
35 103
35 104
35 106
35 109
35 111
35 113
35 114
35 121
35 125
35 126
35 127
35 129
35 131
35 134
35 136
35 137
35 147
35 149
36 1
36 3
36 5
36 6
36 8
36 12
36 14
36 15
36 18
36 22
36 23
36 24
36 25
36 27
36 30
36 31
36 32
36 35
36 38
36 42
36 43
36 45
36 47
36 48
36 50
36 53
36 54
36 57
36 58
36 59
36 60
36 64
36 66
36 68
36 69
36 71
36 73
36 74
36 76
36 78
36 79
36 82
36 83
36 84
36 87
36 90
36 92
36 93
36 95
36 97
36 98
36 100
36 103
36 108
36 109
36 110
36 111
36 112
36 113
36 116
36 117
36 119
36 120
36 121
36 124
36 125
36 129
36 132
36 133
36 134
36 137
36 138
36 140
36 141
36 142
36 143
36 144
36 147
36 148
37 3
37 4
37 6
37 9
37 10
37 11
37 14
37 15
37 16
37 17
37 18
37 19
37 20
37 24
37 25
37 27
37 28
37 30
37 33
37 35
37 38
37 41
37 45
37 46
37 48
37 49
37 51
37 52
37 56
37 57
37 59
37 60
37 62
37 65
37 69
37 70
37 71
37 73
37 74
37 76
37 77
37 78
37 81
37 82
37 83
37 84
37 85
37 88
37 93
37 94
37 96
37 97
37 98
37 99
37 100
37 103
37 104
37 105
37 106
37 109
37 112
37 113
37 114
37 119
37 121
37 123
37 125
37 126
37 127
37 129
37 131
37 132
37 134
37 135
37 136
37 139
37 140
37 144
37 147
37 149
38 1
38 2
38 3
38 5
38 9
38 10
38 11
38 13
38 14
38 16
38 20
38 21
38 22
38 23
38 27
38 28
38 31
38 33
38 34
38 35
38 36
38 37
38 39
38 43
38 45
38 46
38 48
38 52
38 56
38 57
38 60
38 62
38 64
38 65
38 67
38 68
38 70
38 72
38 76
38 78
38 79
38 80
38 83
38 84
38 88
38 94
38 96
38 97
38 98
38 100
38 101
38 105
38 106
38 107
38 108
38 110
38 111
38 113
38 114
38 116
38 117
38 120
38 124
38 125
38 127
38 128
38 129
38 130
38 131
38 133
38 134
38 135
38 136
38 137
38 139
38 143
38 144
38 145
38 146
38 147
38 148
38 149
39 0
39 7
39 10
39 11
39 12
39 15
39 17
39 18
39 19
39 20
39 23
39 24
39 25
39 28
39 32
39 33
39 35
39 38
39 40
39 41
39 42
39 46
39 47
39 48
39 50
39 53
39 54
39 56
39 58
39 63
39 67
39 68
39 70
39 72
39 73
39 78
39 79
39 80
39 82
39 83
39 84
39 85
39 87
39 88
39 92
39 93
39 98
39 101
39 105
39 106
39 108
39 109
39 111
39 112
39 113
39 114
39 115
39 116
39 118
39 119
39 120
39 121
39 123
39 124
39 126
39 127
39 128
39 130
39 131
39 133
39 134
39 138
39 139
39 140
39 141
39 147
39 149
40 4
40 6
40 8
40 11
40 14
40 15
40 16
40 17
40 18
40 20
40 22
40 27
40 31
40 32
40 39
40 42
40 43
40 44
40 45
40 46
40 47
40 48
40 49
40 51
40 57
40 61
40 63
40 66
40 67
40 72
40 73
40 78
40 79
40 80
40 84
40 85
40 86
40 87
40 88
40 93
40 94
40 95
40 97
40 98
40 99
40 100
40 102
40 105
40 106
40 109
40 110
40 111
40 112
40 114
40 115
40 116
40 118
40 122
40 123
40 126
40 128
40 129
40 130
40 131
40 132
40 133
40 134
40 137
40 139
40 140
40 142
40 146
41 0
41 6
41 7
41 10
41 12
41 15
41 16
41 18
41 20
41 25
41 28
41 29
41 32
41 33
41 34
41 35
41 37
41 39
41 43
41 45
41 46
41 47
41 50
41 54
41 61
41 65
41 69
41 71
41 73
41 74
41 77
41 79
41 80
41 84
41 85
41 86
41 87
41 88
41 90
41 93
41 94
41 95
41 98
41 99
41 101
41 102
41 103
41 104
41 105
41 106
41 107
41 109
41 112
41 114
41 116
41 117
41 118
41 121
41 123
41 124
41 127
41 128
41 129
41 130
41 132
41 133
41 135
41 137
41 138
41 139
41 141
41 142
41 143
41 144
41 146
41 147
41 148
41 149
42 0
42 1
42 6
42 8
42 9
42 10
42 14
42 16
42 18
42 21
42 26
42 27
42 30
42 33
42 35
42 36
42 39
42 40
42 44
42 46
42 47
42 50
42 52
42 53
42 55
42 57
42 65
42 66
42 68
42 69
42 71
42 72
42 73
42 74
42 76
42 79
42 80
42 81
42 82
42 83
42 84
42 86
42 88
42 89
42 92
42 93
42 95
42 96
42 98
42 99
42 101
42 103
42 105
42 108
42 110
42 113
42 115
42 116
42 118
42 119
42 121
42 123
42 124
42 125
42 132
42 134
42 141
42 143
42 147
43 0
43 3
43 6
43 8
43 9
43 10
43 11
43 12
43 13
43 15
43 17
43 19
43 24
43 25
43 26
43 27
43 29
43 32
43 33
43 34
43 36
43 38
43 40
43 41
43 44
43 46
43 47
43 50
43 52
43 54
43 55
43 57
43 60
43 61
43 63
43 64
43 65
43 66
43 70
43 71
43 74
43 78
43 79
43 82
43 84
43 85
43 88
43 89
43 90
43 92
43 93
43 95
43 96
43 97
43 101
43 104
43 108
43 111
43 112
43 115
43 121
43 124
43 127
43 128
43 131
43 133
43 134
43 136
43 137
43 140
43 141
43 142
43 143
43 144
43 145
44 0
44 1
44 3
44 4
44 6
44 7
44 10
44 12
44 13
44 15
44 18
44 19
44 21
44 23
44 24
44 26
44 27
44 28
44 30
44 31
44 32
44 35
44 40
44 42
44 43
44 45
44 46
44 48
44 52
44 53
44 56
44 61
44 63
44 64
44 65
44 67
44 68
44 77
44 78
44 80
44 82
44 83
44 84
44 85
44 87
44 88
44 89
44 92
44 94
44 95
44 96
44 99
44 100
44 108
44 111
44 115
44 116
44 118
44 119
44 120
44 125
44 127
44 128
44 130
44 131
44 134
44 136
44 137
44 138
44 141
44 143
44 145
44 146
45 0
45 2
45 3
45 5
45 6
45 7
45 9
45 10
45 13
45 17
45 20
45 22
45 28
45 33
45 35
45 36
45 37
45 38
45 40
45 41
45 44
45 46
45 47
45 48
45 50
45 52
45 54
45 55
45 61
45 65
45 66
45 67
45 68
45 69
45 70
45 71
45 73
45 75
45 76
45 79
45 80
45 82
45 85
45 86
45 89
45 92
45 93
45 94
45 95
45 97
45 98
45 100
45 103
45 105
45 108
45 109
45 116
45 119
45 120
45 126
45 127
45 130
45 131
45 137
45 141
45 143
45 144
45 146
45 147
45 148
45 149
46 1
46 4
46 6
46 8
46 9
46 10
46 12
46 13
46 16
46 17
46 19
46 20
46 21
46 23
46 25
46 26
46 29
46 33
46 34
46 37
46 38
46 39
46 40
46 41
46 42
46 43
46 44
46 45
46 48
46 51
46 54
46 56
46 58
46 61
46 62
46 63
46 65
46 67
46 71
46 72
46 73
46 76
46 80
46 81
46 83
46 84
46 86
46 89
46 90
46 92
46 93
46 94
46 95
46 96
46 97
46 98
46 101
46 103
46 105
46 106
46 109
46 110
46 114
46 118
46 120
46 122
46 123
46 124
46 132
46 135
46 139
46 140
46 142
46 144
46 146
47 2
47 4
47 14
47 15
47 16
47 19
47 20
47 22
47 24
47 26
47 32
47 33
47 36
47 39
47 40
47 41
47 42
47 43
47 45
47 49
47 50
47 51
47 52
47 54
47 57
47 60
47 61
47 63
47 67
47 69
47 70
47 71
47 73
47 74
47 75
47 78
47 79
47 81
47 82
47 85
47 91
47 93
47 94
47 95
47 96
47 101
47 102
47 105
47 109
47 110
47 111
47 112
47 115
47 116
47 117
47 119
47 120
47 122
47 123
47 125
47 126
47 127
47 128
47 129
47 132
47 133
47 134
47 136
47 137
47 140
47 141
47 143
47 145
47 146
47 147
48 1
48 2
48 5
48 7
48 9
48 10
48 12
48 13
48 14
48 16
48 17
48 18
48 19
48 24
48 25
48 26
48 28
48 31
48 33
48 34
48 35
48 36
48 37
48 38
48 39
48 40
48 44
48 45
48 46
48 51
48 53
48 55
48 56
48 57
48 61
48 62
48 66
48 68
48 72
48 74
48 75
48 77
48 79
48 82
48 84
48 85
48 88
48 89
48 90
48 93
48 95
48 99
48 101
48 103
48 105
48 107
48 109
48 110
48 111
48 117
48 118
48 119
48 120
48 122
48 123
48 124
48 125
48 127
48 130
48 132
48 137
48 138
48 140
48 141
48 145
49 0
49 1
49 3
49 4
49 6
49 8
49 10
49 14
49 15
49 16
49 17
49 20
49 21
49 22
49 23
49 24
49 25
49 26
49 27
49 29
49 31
49 32
49 37
49 40
49 47
49 53
49 55
49 61
49 62
49 63
49 65
49 68
49 69
49 70
49 72
49 74
49 76
49 78
49 79
49 80
49 83
49 84
49 88
49 89
49 90
49 91
49 95
49 98
49 99
49 100
49 108
49 111
49 112
49 114
49 115
49 118
49 121
49 122
49 123
49 124
49 126
49 128
49 129
49 130
49 131
49 133
49 134
49 135
49 138
49 139
49 141
49 142
49 145
49 146
49 147
49 149
50 0
50 1
50 2
50 5
50 9
50 10
50 12
50 13
50 14
50 21
50 24
50 25
50 28
50 30
50 32
50 33
50 35
50 36
50 39
50 41
50 42
50 43
50 45
50 47
50 52
50 54
50 55
50 56
50 57
50 60
50 61
50 62
50 63
50 67
50 69
50 71
50 74
50 75
50 81
50 83
50 84
50 86
50 87
50 88
50 90
50 91
50 93
50 100
50 102
50 103
50 106
50 108
50 110
50 115
50 116
50 120
50 123
50 125
50 126
50 127
50 129
50 131
50 134
50 135
50 137
50 138
50 143
50 146
50 149
51 2
51 7
51 9
51 10
51 12
51 13
51 14
51 17
51 18
51 23
51 24
51 25
51 26
51 29
51 34
51 37
51 40
51 46
51 47
51 48
51 53
51 54
51 55
51 56
51 59
51 61
51 62
51 63
51 67
51 69
51 71
51 72
51 73
51 75
51 76
51 80
51 81
51 83
51 87
51 89
51 90
51 91
51 92
51 93
51 94
51 96
51 101
51 102
51 103
51 107
51 110
51 111
51 114
51 115
51 118
51 120
51 121
51 125
51 126
51 128
51 129
51 131
51 135
51 136
51 137
51 139
51 140
51 142
51 145
52 1
52 2
52 3
52 6
52 9
52 10
52 13
52 14
52 17
52 18
52 19
52 20
52 21
52 23
52 28
52 29
52 32
52 34
52 37
52 38
52 42
52 43
52 44
52 45
52 47
52 50
52 54
52 55
52 56
52 58
52 64
52 65
52 66
52 67
52 70
52 71
52 73
52 74
52 77
52 78
52 79
52 80
52 85
52 88
52 89
52 90
52 91
52 92
52 93
52 94
52 96
52 99
52 101
52 105
52 108
52 109
52 110
52 111
52 113
52 115
52 116
52 122
52 123
52 124
52 126
52 127
52 129
52 130
52 131
52 132
52 133
52 134
52 136
52 137
52 139
52 141
52 144
52 147
53 4
53 5
53 6
53 7
53 11
53 12
53 14
53 17
53 19
53 22
53 29
53 30
53 31
53 33
53 34
53 35
53 36
53 39
53 42
53 44
53 48
53 49
53 51
53 55
53 57
53 58
53 60
53 61
53 62
53 63
53 67
53 68
53 69
53 70
53 71
53 73
53 77
53 78
53 79
53 85
53 86
53 89
53 91
53 96
53 98
53 100
53 101
53 102
53 103
53 108
53 109
53 111
53 112
53 115
53 118
53 119
53 121
53 122
53 123
53 126
53 127
53 131
53 135
53 136
53 138
53 141
53 143
53 144
53 146
53 147
53 148
53 149
54 0
54 3
54 4
54 5
54 6
54 9
54 10
54 14
54 16
54 17
54 18
54 19
54 26
54 27
54 29
54 32
54 34
54 36
54 39
54 41
54 43
54 45
54 46
54 47
54 50
54 51
54 52
54 55
54 56
54 61
54 63
54 64
54 65
54 66
54 71
54 73
54 74
54 77
54 78
54 79
54 81
54 82
54 85
54 86
54 87
54 88
54 89
54 90
54 92
54 93
54 95
54 97
54 99
54 100
54 101
54 104
54 105
54 106
54 107
54 109
54 111
54 112
54 117
54 118
54 120
54 122
54 134
54 139
54 140
54 141
54 142
54 144
54 147
54 148
54 149
55 1
55 3
55 9
55 11
55 12
55 15
55 16
55 18
55 22
55 24
55 25
55 28
55 29
55 30
55 31
55 33
55 42
55 43
55 45
55 48
55 49
55 50
55 51
55 52
55 53
55 54
55 56
55 57
55 58
55 59
55 61
55 63
55 66
55 67
55 68
55 72
55 78
55 81
55 83
55 84
55 88
55 89
55 91
55 92
55 93
55 95
55 102
55 104
55 106
55 107
55 108
55 109
55 110
55 111
55 114
55 115
55 116
55 118
55 119
55 120
55 121
55 125
55 128
55 131
55 134
55 137
55 139
55 140
55 142
55 145
55 147
56 0
56 1
56 3
56 4
56 5
56 7
56 9
56 12
56 15
56 16
56 25
56 27
56 29
56 35
56 37
56 38
56 39
56 44
56 46
56 48
56 50
56 51
56 52
56 54
56 55
56 57
56 62
56 63
56 64
56 66
56 67
56 70
56 72
56 73
56 75
56 77
56 83
56 84
56 88
56 92
56 93
56 95
56 96
56 97
56 99
56 100
56 101
56 102
56 103
56 104
56 105
56 108
56 110
56 111
56 113
56 115
56 117
56 118
56 120
56 122
56 123
56 124
56 125
56 128
56 130
56 134
56 135
56 136
56 137
56 138
56 140
56 143
56 144
56 147
57 0
57 1
57 4
57 5
57 7
57 8
57 9
57 10
57 12
57 17
57 21
57 22
57 25
57 31
57 33
57 34
57 35
57 36
57 37
57 38
57 40
57 42
57 43
57 47
57 48
57 50
57 53
57 55
57 56
57 60
57 63
57 65
57 67
57 69
57 70
57 71
57 74
57 75
57 76
57 77
57 80
57 81
57 83
57 84
57 86
57 89
57 90
57 92
57 93
57 96
57 99
57 100
57 101
57 102
57 103
57 104
57 105
57 106
57 107
57 109
57 110
57 111
57 114
57 115
57 116
57 117
57 121
57 123
57 124
57 126
57 127
57 129
57 130
57 134
57 137
57 139
57 141
57 143
57 147
57 148
58 0
58 2
58 4
58 7
58 9
58 10
58 13
58 15
58 16
58 17
58 21
58 23
58 24
58 32
58 33
58 35
58 36
58 39
58 46
58 52
58 53
58 55
58 61
58 63
58 64
58 65
58 66
58 67
58 68
58 70
58 78
58 79
58 80
58 84
58 86
58 87
58 88
58 89
58 90
58 91
58 93
58 98
58 99
58 100
58 101
58 102
58 103
58 106
58 108
58 112
58 114
58 119
58 120
58 124
58 126
58 129
58 130
58 131
58 133
58 134
58 139
58 140
58 141
58 143
58 145
58 148
58 149
59 2
59 3
59 4
59 7
59 8
59 10
59 11
59 14
59 16
59 17
59 18
59 20
59 26
59 29
59 31
59 32
59 33
59 35
59 36
59 37
59 51
59 55
59 62
59 63
59 65
59 66
59 67
59 68
59 69
59 70
59 71
59 73
59 75
59 76
59 77
59 83
59 84
59 88
59 90
59 92
59 93
59 94
59 96
59 99
59 102
59 103
59 105
59 106
59 110
59 111
59 112
59 113
59 115
59 117
59 119
59 127
59 128
59 129
59 131
59 132
59 133
59 135
59 136
59 137
59 138
59 140
59 142
59 143
59 147
59 148
60 0
60 1
60 2
60 3
60 7
60 9
60 11
60 16
60 17
60 21
60 23
60 27
60 28
60 30
60 33
60 36
60 37
60 38
60 43
60 47
60 50
60 53
60 57
60 61
60 63
60 64
60 65
60 67
60 68
60 72
60 73
60 75
60 76
60 78
60 79
60 81
60 82
60 84
60 85
60 89
60 94
60 95
60 97
60 99
60 104
60 105
60 108
60 110
60 111
60 113
60 114
60 115
60 119
60 120
60 122
60 123
60 127
60 129
60 130
60 131
60 136
60 137
60 141
60 144
60 147
60 149
61 2
61 4
61 5
61 7
61 9
61 13
61 15
61 21
61 23
61 24
61 26
61 32
61 33
61 34
61 40
61 41
61 43
61 44
61 45
61 46
61 47
61 48
61 49
61 50
61 51
61 53
61 54
61 55
61 58
61 60
61 62
61 64
61 66
61 67
61 68
61 69
61 71
61 73
61 78
61 79
61 80
61 81
61 84
61 85
61 87
61 89
61 90
61 95
61 96
61 98
61 99
61 100
61 102
61 103
61 104
61 106
61 107
61 108
61 109
61 110
61 113
61 114
61 115
61 116
61 118
61 119
61 123
61 125
61 128
61 129
61 131
61 132
61 134
61 136
61 137
61 139
61 140
61 141
61 143
61 148
61 149
62 1
62 4
62 5
62 7
62 8
62 9
62 10
62 11
62 12
62 14
62 15
62 17
62 22
62 26
62 28
62 31
62 32
62 33
62 34
62 35
62 37
62 38
62 46
62 48
62 49
62 50
62 51
62 53
62 56
62 59
62 61
62 63
62 64
62 66
62 68
62 70
62 71
62 72
62 77
62 78
62 81
62 85
62 86
62 87
62 89
62 90
62 93
62 95
62 96
62 97
62 98
62 99
62 100
62 101
62 102
62 103
62 106
62 107
62 109
62 110
62 111
62 113
62 114
62 116
62 118
62 121
62 123
62 124
62 125
62 127
62 128
62 131
62 133
62 134
62 136
62 139
62 141
62 142
62 146
62 147
62 148
63 1
63 2
63 6
63 8
63 11
63 13
63 15
63 16
63 17
63 18
63 19
63 20
63 21
63 22
63 27
63 29
63 32
63 33
63 39
63 40
63 43
63 44
63 46
63 47
63 49
63 50
63 51
63 53
63 54
63 55
63 56
63 57
63 58
63 59
63 60
63 62
63 64
63 65
63 72
63 74
63 76
63 80
63 83
63 86
63 87
63 88
63 92
63 93
63 94
63 95
63 99
63 101
63 103
63 104
63 108
63 109
63 110
63 112
63 114
63 118
63 121
63 123
63 124
63 125
63 126
63 129
63 130
63 131
63 134
63 135
63 137
63 139
63 140
63 142
63 144
63 145
63 147
64 4
64 8
64 10
64 11
64 14
64 16
64 19
64 20
64 21
64 25
64 27
64 28
64 29
64 30
64 31
64 33
64 34
64 36
64 38
64 43
64 44
64 52
64 54
64 56
64 58
64 60
64 61
64 62
64 63
64 67
64 68
64 70
64 75
64 76
64 77
64 81
64 82
64 84
64 86
64 89
64 93
64 95
64 98
64 100
64 102
64 105
64 106
64 108
64 110
64 112
64 114
64 115
64 118
64 120
64 124
64 126
64 128
64 129
64 131
64 133
64 134
64 136
64 138
64 141
64 142
64 144
64 145
64 147
64 148
64 149
65 0
65 3
65 6
65 9
65 14
65 16
65 20
65 21
65 25
65 27
65 29
65 32
65 37
65 38
65 41
65 42
65 43
65 44
65 45
65 46
65 49
65 52
65 54
65 57
65 58
65 59
65 60
65 63
65 66
65 67
65 70
65 73
65 75
65 76
65 78
65 80
65 82
65 83
65 85
65 86
65 87
65 88
65 91
65 92
65 98
65 99
65 104
65 105
65 109
65 111
65 112
65 113
65 114
65 115
65 116
65 118
65 121
65 122
65 125
65 126
65 129
65 130
65 131
65 133
65 136
65 137
65 141
65 143
65 145
65 146
66 0
66 1
66 2
66 3
66 4
66 5
66 6
66 10
66 11
66 14
66 15
66 18
66 19
66 20
66 21
66 22
66 23
66 25
66 26
66 27
66 33
66 36
66 40
66 42
66 43
66 45
66 48
66 52
66 54
66 55
66 56
66 58
66 59
66 61
66 62
66 65
66 67
66 68
66 69
66 71
66 72
66 73
66 76
66 77
66 79
66 80
66 83
66 85
66 87
66 88
66 89
66 90
66 93
66 94
66 95
66 97
66 98
66 100
66 103
66 106
66 110
66 113
66 114
66 118
66 119
66 120
66 124
66 125
66 128
66 130
66 131
66 132
66 133
66 138
66 139
66 141
66 143
66 144
66 146
66 148
67 0
67 1
67 2
67 3
67 4
67 6
67 10
67 15
67 17
67 19
67 21
67 24
67 26
67 27
67 28
67 30
67 32
67 34
67 35
67 38
67 39
67 40
67 44
67 45
67 46
67 47
67 50
67 51
67 52
67 53
67 55
67 56
67 57
67 58
67 59
67 60
67 61
67 64
67 65
67 66
67 68
67 70
67 71
67 73
67 75
67 76
67 77
67 79
67 80
67 81
67 82
67 83
67 84
67 87
67 96
67 98
67 100
67 101
67 102
67 109
67 114
67 117
67 118
67 120
67 121
67 122
67 125
67 126
67 128
67 129
67 130
67 131
67 133
67 135
67 137
67 138
67 140
67 141
67 143
67 145
67 147
67 149
68 0
68 3
68 5
68 10
68 11
68 12
68 15
68 19
68 20
68 21
68 22
68 27
68 30
68 31
68 32
68 34
68 35
68 36
68 38
68 39
68 42
68 44
68 45
68 48
68 49
68 53
68 55
68 58
68 59
68 60
68 61
68 62
68 64
68 66
68 67
68 71
68 72
68 73
68 76
68 78
68 80
68 82
68 83
68 84
68 85
68 87
68 90
68 95
68 97
68 100
68 101
68 102
68 103
68 106
68 108
68 112
68 114
68 118
68 124
68 127
68 130
68 131
68 134
68 135
68 137
68 140
68 144
68 147
68 148
68 149
69 0
69 1
69 2
69 3
69 5
69 6
69 11
69 15
69 17
69 18
69 19
69 20
69 21
69 25
69 27
69 31
69 33
69 34
69 36
69 37
69 41
69 42
69 45
69 47
69 49
69 50
69 51
69 53
69 57
69 59
69 61
69 66
69 70
69 75
69 80
69 81
69 82
69 83
69 84
69 86
69 87
69 88
69 91
69 93
69 94
69 95
69 96
69 97
69 102
69 109
69 113
69 114
69 118
69 124
69 126
69 127
69 129
69 131
69 132
69 136
69 139
69 141
69 142
69 145
69 147
70 4
70 5
70 9
70 10
70 11
70 14
70 15
70 20
70 23
70 25
70 26
70 27
70 30
70 31
70 32
70 34
70 37
70 38
70 39
70 43
70 45
70 47
70 49
70 52
70 53
70 56
70 57
70 58
70 59
70 62
70 64
70 65
70 67
70 69
70 72
70 73
70 74
70 76
70 79
70 85
70 86
70 91
70 94
70 98
70 99
70 105
70 108
70 110
70 113
70 114
70 115
70 118
70 123
70 125
70 126
70 127
70 129
70 130
70 132
70 133
70 135
70 137
70 141
70 143
70 144
70 145
70 146
70 149
71 1
71 7
71 8
71 12
71 14
71 16
71 18
71 23
71 26
71 27
71 28
71 32
71 33
71 34
71 36
71 37
71 41
71 42
71 43
71 45
71 46
71 47
71 50
71 51
71 52
71 53
71 54
71 57
71 59
71 61
71 62
71 66
71 67
71 68
71 72
71 73
71 79
71 80
71 81
71 83
71 85
71 86
71 87
71 88
71 97
71 98
71 100
71 101
71 106
71 107
71 108
71 109
71 111
71 112
71 113
71 116
71 117
71 118
71 120
71 121
71 122
71 124
71 131
71 132
71 133
71 136
71 138
71 139
71 146
72 6
72 7
72 8
72 12
72 13
72 15
72 17
72 21
72 22
72 23
72 27
72 28
72 30
72 31
72 35
72 38
72 39
72 40
72 42
72 46
72 48
72 49
72 51
72 55
72 56
72 60
72 62
72 63
72 66
72 68
72 70
72 71
72 73
72 74
72 75
72 76
72 77
72 78
72 79
72 80
72 83
72 84
72 87
72 88
72 90
72 92
72 93
72 94
72 95
72 96
72 99
72 101
72 102
72 103
72 106
72 108
72 110
72 111
72 113
72 114
72 117
72 118
72 120
72 123
72 124
72 125
72 127
72 134
72 136
72 137
72 139
72 146
72 147
72 148
72 149
73 0
73 1
73 2
73 4
73 5
73 7
73 11
73 12
73 13
73 16
73 17
73 18
73 19
73 20
73 22
73 25
73 27
73 28
73 30
73 31
73 32
73 34
73 35
73 36
73 37
73 39
73 40
73 41
73 42
73 45
73 46
73 47
73 51
73 52
73 53
73 54
73 56
73 59
73 60
73 61
73 65
73 66
73 67
73 68
73 70
73 71
73 72
73 74
73 77
73 78
73 80
73 82
73 84
73 85
73 86
73 88
73 90
73 92
73 94
73 95
73 96
73 102
73 103
73 104
73 106
73 108
73 110
73 111
73 114
73 115
73 116
73 119
73 120
73 121
73 122
73 123
73 126
73 130
73 132
73 133
73 135
73 136
73 141
73 144
73 145
73 146
73 148
73 149
74 1
74 3
74 6
74 7
74 8
74 9
74 10
74 12
74 13
74 14
74 15
74 18
74 19
74 20
74 21
74 22
74 23
74 24
74 26
74 27
74 28
74 30
74 35
74 36
74 37
74 41
74 42
74 43
74 47
74 48
74 49
74 50
74 52
74 54
74 57
74 63
74 70
74 72
74 73
74 75
74 77
74 80
74 81
74 88
74 90
74 91
74 92
74 93
74 96
74 97
74 99
74 101
74 102
74 107
74 110
74 112
74 113
74 114
74 117
74 118
74 119
74 120
74 121
74 122
74 123
74 124
74 127
74 128
74 130
74 132
74 133
74 135
74 137
74 139
74 140
74 142
74 143
74 145
74 146
74 147
74 148
74 149
75 2
75 3
75 5
75 8
75 10
75 13
75 16
75 19
75 20
75 22
75 25
75 26
75 29
75 34
75 45
75 47
75 48
75 50
75 51
75 56
75 57
75 59
75 60
75 64
75 65
75 67
75 69
75 72
75 74
75 76
75 78
75 79
75 83
75 88
75 89
75 92
75 94
75 95
75 100
75 101
75 102
75 104
75 105
75 106
75 107
75 108
75 109
75 110
75 113
75 116
75 118
75 120
75 122
75 124
75 126
75 127
75 128
75 130
75 131
75 136
75 137
75 140
75 141
75 142
75 144
75 146
76 1
76 2
76 3
76 4
76 5
76 6
76 10
76 12
76 13
76 14
76 16
76 18
76 20
76 21
76 25
76 26
76 28
76 29
76 30
76 31
76 32
76 35
76 36
76 37
76 38
76 42
76 45
76 46
76 49
76 51
76 57
76 59
76 60
76 63
76 64
76 65
76 66
76 67
76 68
76 70
76 72
76 75
76 79
76 80
76 81
76 83
76 84
76 86
76 89
76 94
76 95
76 97
76 100
76 101
76 102
76 104
76 105
76 106
76 107
76 108
76 110
76 112
76 113
76 114
76 115
76 118
76 119
76 121
76 123
76 125
76 126
76 128
76 129
76 130
76 132
76 142
76 143
76 144
76 146
76 147
77 0
77 2
77 6
77 10
77 11
77 14
77 15
77 17
77 22
77 23
77 24
77 27
77 29
77 32
77 33
77 37
77 41
77 44
77 48
77 52
77 53
77 54
77 56
77 57
77 59
77 62
77 64
77 66
77 67
77 72
77 73
77 74
77 81
77 83
77 86
77 87
77 88
77 91
77 93
77 94
77 95
77 96
77 97
77 98
77 99
77 100
77 104
77 105
77 109
77 111
77 112
77 113
77 116
77 119
77 121
77 124
77 125
77 129
77 130
77 133
77 137
77 138
77 141
77 142
77 144
77 145
77 148
77 149
78 2
78 8
78 9
78 10
78 12
78 14
78 16
78 18
78 19
78 20
78 21
78 23
78 25
78 28
78 30
78 35
78 36
78 37
78 38
78 39
78 40
78 43
78 44
78 47
78 49
78 52
78 53
78 54
78 55
78 58
78 60
78 61
78 62
78 65
78 68
78 72
78 73
78 75
78 79
78 80
78 81
78 83
78 86
78 88
78 92
78 93
78 95
78 97
78 102
78 104
78 105
78 107
78 108
78 109
78 112
78 115
78 116
78 117
78 118
78 119
78 121
78 125
78 128
78 135
78 136
78 138
78 140
78 142
78 145
78 146
78 147
79 1
79 2
79 3
79 6
79 9
79 10
79 15
79 17
79 19
79 20
79 21
79 22
79 23
79 24
79 25
79 26
79 30
79 31
79 33
79 34
79 35
79 36
79 38
79 39
79 40
79 41
79 42
79 43
79 45
79 47
79 48
79 49
79 52
79 53
79 54
79 58
79 60
79 61
79 66
79 67
79 70
79 71
79 72
79 75
79 76
79 78
79 81
79 83
79 84
79 86
79 90
79 91
79 92
79 93
79 94
79 96
79 99
79 100
79 101
79 102
79 103
79 105
79 106
79 107
79 108
79 114
79 115
79 125
79 126
79 129
79 131
79 133
79 134
79 135
79 137
79 143
79 144
79 146
79 147
79 149
80 1
80 7
80 8
80 9
80 10
80 12
80 17
80 21
80 26
80 27
80 30
80 32
80 33
80 35
80 38
80 39
80 40
80 41
80 42
80 44
80 45
80 46
80 49
80 51
80 52
80 57
80 58
80 61
80 63
80 65
80 66
80 67
80 68
80 69
80 71
80 72
80 73
80 74
80 76
80 78
80 81
80 83
80 84
80 85
80 87
80 91
80 94
80 95
80 99
80 100
80 102
80 104
80 105
80 106
80 109
80 110
80 111
80 112
80 113
80 115
80 116
80 117
80 120
80 121
80 125
80 126
80 127
80 129
80 133
80 134
80 135
80 136
80 139
80 145
80 148
81 0
81 1
81 3
81 6
81 10
81 12
81 13
81 14
81 15
81 16
81 17
81 18
81 25
81 27
81 28
81 29
81 37
81 42
81 46
81 47
81 50
81 51
81 54
81 55
81 57
81 60
81 61
81 62
81 64
81 67
81 69
81 71
81 74
81 76
81 77
81 78
81 79
81 80
81 82
81 83
81 86
81 87
81 88
81 91
81 92
81 94
81 95
81 96
81 97
81 99
81 107
81 109
81 111
81 112
81 113
81 115
81 116
81 117
81 119
81 120
81 121
81 122
81 129
81 130
81 132
81 133
81 134
81 135
81 137
81 138
81 142
81 148
82 0
82 3
82 5
82 6
82 8
82 9
82 12
82 16
82 17
82 18
82 19
82 24
82 25
82 26
82 27
82 31
82 32
82 34
82 36
82 37
82 39
82 42
82 43
82 44
82 45
82 47
82 48
82 54
82 60
82 64
82 65
82 67
82 68
82 69
82 73
82 81
82 83
82 85
82 87
82 92
82 96
82 98
82 99
82 100
82 101
82 102
82 103
82 107
82 108
82 109
82 114
82 115
82 117
82 118
82 119
82 123
82 125
82 126
82 127
82 128
82 129
82 131
82 132
82 133
82 134
82 135
82 136
82 137
82 138
82 140
82 141
82 142
82 144
82 146
82 149
83 2
83 5
83 7
83 8
83 9
83 12
83 13
83 15
83 18
83 19
83 21
83 23
83 24
83 26
83 27
83 31
83 35
83 36
83 37
83 38
83 39
83 42
83 44
83 46
83 49
83 50
83 51
83 55
83 56
83 57
83 59
83 63
83 65
83 66
83 67
83 68
83 69
83 71
83 72
83 75
83 76
83 77
83 78
83 79
83 80
83 81
83 82
83 86
83 88
83 89
83 90
83 91
83 94
83 102
83 105
83 106
83 107
83 109
83 112
83 115
83 117
83 118
83 119
83 120
83 122
83 123
83 127
83 129
83 130
83 132
83 134
83 137
83 138
83 139
83 140
83 143
83 144
83 148
84 3
84 4
84 5
84 8
84 10
84 14
84 16
84 17
84 22
84 23
84 24
84 25
84 27
84 28
84 29
84 30
84 31
84 36
84 37
84 38
84 39
84 40
84 41
84 42
84 43
84 44
84 46
84 48
84 49
84 50
84 55
84 56
84 57
84 58
84 59
84 60
84 61
84 64
84 67
84 68
84 69
84 72
84 73
84 76
84 79
84 80
84 86
84 88
84 90
84 92
84 93
84 95
84 96
84 97
84 98
84 99
84 101
84 104
84 106
84 108
84 109
84 111
84 116
84 118
84 119
84 120
84 121
84 123
84 124
84 126
84 128
84 129
84 130
84 131
84 134
84 135
84 137
84 139
84 143
84 145
85 1
85 3
85 5
85 6
85 7
85 8
85 9
85 12
85 13
85 14
85 16
85 19
85 20
85 23
85 24
85 26
85 27
85 28
85 29
85 32
85 33
85 34
85 35
85 37
85 39
85 40
85 41
85 43
85 44
85 45
85 47
85 48
85 52
85 53
85 54
85 60
85 61
85 62
85 65
85 66
85 68
85 70
85 71
85 73
85 80
85 82
85 86
85 90
85 92
85 94
85 99
85 102
85 103
85 105
85 106
85 107
85 108
85 110
85 114
85 120
85 121
85 122
85 123
85 125
85 128
85 129
85 130
85 131
85 132
85 133
85 135
85 138
85 140
85 141
85 142
85 143
85 144
85 145
85 146
85 148
86 0
86 1
86 3
86 4
86 6
86 9
86 11
86 12
86 14
86 17
86 18
86 19
86 20
86 23
86 24
86 25
86 26
86 27
86 29
86 31
86 33
86 34
86 35
86 40
86 41
86 42
86 45
86 46
86 50
86 53
86 54
86 57
86 58
86 62
86 63
86 64
86 65
86 69
86 70
86 71
86 73
86 76
86 77
86 78
86 79
86 81
86 83
86 84
86 85
86 88
86 90
86 91
86 93
86 94
86 96
86 97
86 98
86 100
86 101
86 103
86 104
86 107
86 108
86 111
86 118
86 121
86 123
86 124
86 125
86 129
86 130
86 131
86 132
86 133
86 135
86 136
86 137
86 139
86 140
86 144
86 145
86 146
86 148
87 0
87 1
87 4
87 8
87 9
87 10
87 11
87 17
87 18
87 22
87 23
87 25
87 29
87 31
87 33
87 35
87 36
87 39
87 40
87 41
87 44
87 50
87 51
87 54
87 58
87 61
87 62
87 63
87 65
87 66
87 67
87 68
87 69
87 71
87 72
87 77
87 80
87 81
87 82
87 90
87 91
87 92
87 93
87 94
87 98
87 100
87 101
87 102
87 106
87 108
87 111
87 112
87 113
87 114
87 115
87 117
87 119
87 121
87 123
87 131
87 132
87 136
87 137
87 138
87 142
87 144
87 145
87 149
88 2
88 3
88 5
88 7
88 8
88 9
88 10
88 12
88 13
88 14
88 15
88 17
88 19
88 21
88 23
88 24
88 25
88 34
88 37
88 38
88 39
88 40
88 41
88 42
88 43
88 44
88 48
88 49
88 50
88 52
88 54
88 55
88 56
88 58
88 59
88 63
88 65
88 66
88 69
88 71
88 72
88 73
88 74
88 75
88 77
88 78
88 81
88 83
88 84
88 86
88 90
88 94
88 96
88 98
88 101
88 104
88 105
88 106
88 107
88 110
88 116
88 118
88 124
88 127
88 129
88 130
88 131
88 133
88 135
88 138
88 140
88 147
89 3
89 4
89 5
89 7
89 8
89 11
89 14
89 16
89 21
89 23
89 24
89 25
89 27
89 28
89 29
89 34
89 42
89 43
89 44
89 45
89 46
89 48
89 49
89 51
89 52
89 53
89 54
89 55
89 57
89 58
89 60
89 61
89 62
89 64
89 66
89 75
89 76
89 83
89 94
89 95
89 98
89 100
89 102
89 103
89 104
89 107
89 112
89 113
89 115
89 116
89 118
89 120
89 121
89 122
89 125
89 126
89 127
89 131
89 132
89 134
89 135
89 136
89 137
89 138
89 143
89 148
90 0
90 1
90 3
90 4
90 7
90 21
90 22
90 24
90 25
90 32
90 35
90 36
90 41
90 43
90 46
90 48
90 49
90 50
90 51
90 52
90 54
90 57
90 58
90 59
90 61
90 62
90 66
90 68
90 72
90 73
90 74
90 79
90 83
90 84
90 85
90 86
90 87
90 88
90 91
90 92
90 95
90 96
90 98
90 99
90 100
90 101
90 103
90 105
90 107
90 111
90 112
90 113
90 115
90 116
90 117
90 123
90 124
90 128
90 133
90 137
90 139
90 140
90 141
90 142
90 145
90 146
90 148
91 1
91 2
91 3
91 5
91 6
91 9
91 11
91 12
91 14
91 15
91 16
91 17
91 20
91 21
91 23
91 24
91 26
91 27
91 28
91 29
91 33
91 35
91 47
91 49
91 50
91 51
91 52
91 53
91 55
91 58
91 65
91 69
91 70
91 74
91 77
91 79
91 80
91 81
91 83
91 86
91 87
91 90
91 93
91 94
91 96
91 99
91 101
91 104
91 105
91 107
91 111
91 112
91 113
91 114
91 122
91 125
91 126
91 127
91 128
91 130
91 131
91 134
91 135
91 136
91 138
91 139
91 142
91 143
91 144
91 145
91 146
91 147
91 148
92 0
92 1
92 2
92 4
92 6
92 7
92 10
92 11
92 13
92 15
92 17
92 19
92 21
92 22
92 24
92 25
92 26
92 27
92 28
92 29
92 30
92 31
92 32
92 33
92 34
92 36
92 39
92 42
92 43
92 44
92 45
92 46
92 51
92 52
92 54
92 55
92 56
92 57
92 59
92 63
92 65
92 72
92 73
92 74
92 75
92 78
92 79
92 81
92 82
92 84
92 85
92 87
92 90
92 93
92 94
92 95
92 98
92 99
92 101
92 102
92 103
92 105
92 106
92 109
92 113
92 114
92 115
92 117
92 118
92 119
92 122
92 123
92 125
92 126
92 127
92 129
92 131
92 132
92 133
92 135
92 137
92 138
92 140
92 141
92 142
92 143
92 144
92 145
92 146
92 149
93 2
93 4
93 9
93 10
93 12
93 15
93 16
93 18
93 20
93 21
93 27
93 29
93 32
93 36
93 37
93 39
93 40
93 41
93 42
93 43
93 45
93 46
93 47
93 48
93 50
93 51
93 52
93 54
93 55
93 56
93 57
93 58
93 59
93 62
93 63
93 64
93 66
93 69
93 72
93 74
93 77
93 78
93 79
93 84
93 86
93 87
93 91
93 92
93 94
93 96
93 97
93 99
93 100
93 101
93 104
93 105
93 106
93 107
93 110
93 111
93 113
93 114
93 116
93 117
93 121
93 123
93 124
93 125
93 127
93 128
93 129
93 130
93 131
93 134
93 137
93 138
93 139
93 141
93 142
93 143
93 144
93 149
94 0
94 3
94 4
94 5
94 6
94 8
94 10
94 11
94 13
94 18
94 19
94 20
94 23
94 25
94 26
94 28
94 32
94 37
94 38
94 40
94 41
94 44
94 45
94 46
94 47
94 51
94 52
94 59
94 60
94 63
94 66
94 69
94 70
94 72
94 73
94 75
94 76
94 77
94 79
94 80
94 81
94 83
94 85
94 86
94 87
94 88
94 89
94 91
94 92
94 93
94 95
94 96
94 99
94 103
94 105
94 107
94 108
94 109
94 110
94 113
94 116
94 117
94 120
94 121
94 125
94 127
94 131
94 134
94 135
94 136
94 138
94 140
94 142
94 146
94 147
94 148
94 149
95 0
95 1
95 2
95 3
95 7
95 8
95 11
95 12
95 14
95 15
95 16
95 21
95 22
95 25
95 27
95 29
95 31
95 32
95 33
95 34
95 36
95 40
95 41
95 42
95 43
95 44
95 45
95 46
95 47
95 48
95 49
95 54
95 55
95 56
95 60
95 61
95 62
95 63
95 64
95 66
95 68
95 69
95 72
95 73
95 75
95 76
95 77
95 78
95 80
95 81
95 84
95 89
95 90
95 92
95 94
95 99
95 100
95 101
95 102
95 104
95 109
95 113
95 115
95 117
95 120
95 121
95 123
95 124
95 126
95 129
95 130
95 132
95 133
95 138
95 139
95 140
95 141
95 142
95 143
95 146
95 147
95 148
95 149
96 1
96 4
96 6
96 11
96 12
96 15
96 16
96 17
96 21
96 23
96 27
96 28
96 30
96 31
96 37
96 38
96 42
96 43
96 44
96 46
96 47
96 51
96 52
96 53
96 56
96 57
96 59
96 61
96 62
96 67
96 69
96 72
96 73
96 74
96 77
96 79
96 81
96 82
96 84
96 86
96 88
96 90
96 91
96 93
96 94
96 97
96 98
96 101
96 102
96 103
96 107
96 108
96 111
96 113
96 115
96 116
96 119
96 122
96 123
96 127
96 128
96 129
96 132
96 134
96 135
96 137
96 138
96 141
96 144
96 147
97 1
97 3
97 4
97 5
97 8
97 10
97 12
97 13
97 17
97 18
97 19
97 22
97 23
97 29
97 31
97 32
97 33
97 34
97 36
97 37
97 38
97 40
97 43
97 45
97 46
97 54
97 56
97 60
97 62
97 66
97 68
97 69
97 71
97 74
97 76
97 77
97 78
97 81
97 84
97 86
97 93
97 96
97 100
97 101
97 109
97 110
97 111
97 112
97 113
97 117
97 119
97 122
97 124
97 126
97 127
97 130
97 131
97 132
97 133
97 136
97 137
97 139
97 142
97 143
97 144
97 146
97 147
97 148
98 1
98 2
98 3
98 4
98 5
98 10
98 20
98 25
98 28
98 29
98 30
98 31
98 33
98 35
98 36
98 37
98 38
98 39
98 40
98 41
98 42
98 45
98 46
98 49
98 53
98 58
98 61
98 62
98 64
98 65
98 66
98 67
98 70
98 71
98 77
98 82
98 84
98 86
98 87
98 88
98 89
98 90
98 92
98 96
98 100
98 101
98 102
98 105
98 108
98 112
98 115
98 117
98 120
98 125
98 127
98 128
98 130
98 136
98 137
98 139
98 141
98 146
98 148
98 149
99 1
99 4
99 5
99 6
99 9
99 10
99 13
99 14
99 15
99 16
99 17
99 18
99 20
99 21
99 22
99 24
99 25
99 26
99 27
99 30
99 32
99 35
99 37
99 40
99 41
99 42
99 44
99 48
99 49
99 52
99 54
99 56
99 57
99 58
99 59
99 60
99 61
99 62
99 63
99 65
99 70
99 72
99 74
99 77
99 79
99 80
99 81
99 82
99 84
99 85
99 90
99 91
99 92
99 93
99 94
99 95
99 100
99 103
99 104
99 107
99 108
99 109
99 111
99 112
99 113
99 116
99 117
99 119
99 122
99 124
99 125
99 127
99 129
99 130
99 132
99 133
99 134
99 138
99 139
99 140
99 142
99 145
99 147
100 0
100 1
100 2
100 3
100 7
100 10
100 13
100 16
100 17
100 20
100 21
100 22
100 23
100 30
100 32
100 36
100 37
100 38
100 40
100 44
100 45
100 49
100 50
100 53
100 54
100 56
100 57
100 58
100 61
100 62
100 64
100 66
100 67
100 68
100 71
100 75
100 76
100 77
100 79
100 80
100 82
100 86
100 87
100 89
100 90
100 93
100 95
100 97
100 98
100 99
100 105
100 106
100 107
100 109
100 110
100 112
100 113
100 114
100 118
100 119
100 120
100 121
100 123
100 125
100 128
100 129
100 133
100 134
100 137
100 138
100 139
100 140
100 144
101 1
101 4
101 7
101 9
101 11
101 12
101 14
101 18
101 23
101 24
101 26
101 27
101 29
101 31
101 32
101 34
101 38
101 39
101 41
101 42
101 43
101 46
101 47
101 48
101 51
101 52
101 53
101 54
101 56
101 57
101 58
101 62
101 63
101 67
101 68
101 71
101 72
101 74
101 75
101 76
101 79
101 82
101 84
101 86
101 87
101 88
101 90
101 91
101 92
101 93
101 95
101 96
101 97
101 98
101 102
101 103
101 104
101 105
101 106
101 109
101 110
101 112
101 114
101 115
101 118
101 119
101 120
101 122
101 124
101 125
101 126
101 129
101 130
101 135
101 141
101 142
101 143
101 144
101 147
102 0
102 3
102 9
102 11
102 14
102 15
102 16
102 17
102 18
102 19
102 23
102 24
102 25
102 26
102 27
102 28
102 35
102 40
102 41
102 47
102 50
102 51
102 53
102 55
102 56
102 57
102 58
102 59
102 61
102 62
102 64
102 67
102 68
102 69
102 72
102 73
102 74
102 75
102 76
102 78
102 79
102 80
102 82
102 83
102 85
102 87
102 89
102 92
102 95
102 96
102 98
102 101
102 105
102 106
102 107
102 111
102 113
102 114
102 116
102 117
102 124
102 125
102 126
102 133
102 134
102 138
102 139
102 140
102 141
102 142
102 144
102 145
102 146
103 1
103 2
103 3
103 4
103 6
103 10
103 13
103 14
103 17
103 19
103 20
103 23
103 24
103 25
103 27
103 28
103 30
103 31
103 34
103 35
103 36
103 37
103 41
103 42
103 45
103 46
103 48
103 50
103 51
103 53
103 56
103 57
103 58
103 59
103 61
103 62
103 63
103 66
103 68
103 72
103 73
103 79
103 82
103 85
103 86
103 89
103 90
103 92
103 94
103 96
103 99
103 101
103 106
103 107
103 108
103 110
103 111
103 113
103 115
103 118
103 120
103 121
103 122
103 123
103 125
103 130
103 131
103 132
103 134
103 135
103 136
103 137
103 138
103 139
103 140
103 141
103 143
103 144
103 145
103 146
103 149
104 1
104 7
104 8
104 9
104 12
104 13
104 16
104 18
104 21
104 24
104 27
104 29
104 30
104 31
104 33
104 34
104 35
104 37
104 41
104 43
104 54
104 55
104 56
104 57
104 60
104 61
104 63
104 65
104 73
104 75
104 76
104 77
104 78
104 80
104 84
104 86
104 88
104 89
104 91
104 93
104 95
104 99
104 101
104 107
104 109
104 110
104 114
104 117
104 118
104 120
104 125
104 127
104 130
104 141
104 143
104 144
104 146
105 0
105 1
105 3
105 5
105 9
105 11
105 15
105 16
105 17
105 19
105 20
105 21
105 24
105 30
105 37
105 38
105 39
105 40
105 41
105 42
105 45
105 46
105 47
105 48
105 52
105 54
105 56
105 57
105 59
105 60
105 64
105 65
105 70
105 75
105 76
105 77
105 78
105 79
105 80
105 83
105 85
105 88
105 90
105 91
105 92
105 93
105 94
105 98
105 100
105 101
105 102
105 107
105 108
105 109
105 110
105 112
105 114
105 116
105 120
105 121
105 122
105 123
105 125
105 126
105 129
105 130
105 134
105 136
105 137
105 138
105 139
105 140
105 141
105 143
105 145
105 146
105 148
105 149
106 1
106 3
106 9
106 11
106 13
106 15
106 16
106 18
106 19
106 22
106 23
106 24
106 26
106 28
106 30
106 34
106 35
106 37
106 38
106 39
106 40
106 41
106 46
106 50
106 54
106 55
106 57
106 58
106 59
106 61
106 62
106 64
106 66
106 68
106 71
106 72
106 73
106 75
106 76
106 79
106 80
106 83
106 84
106 85
106 87
106 88
106 92
106 93
106 100
106 101
106 102
106 103
106 108
106 110
106 113
106 115
106 116
106 118
106 119
106 121
106 122
106 125
106 126
106 129
106 131
106 132
106 133
106 135
106 136
106 137
106 145
106 147
106 148
107 0
107 1
107 3
107 4
107 5
107 8
107 11
107 12
107 14
107 15
107 16
107 18
107 19
107 20
107 21
107 22
107 24
107 25
107 26
107 27
107 28
107 30
107 38
107 41
107 48
107 51
107 54
107 55
107 57
107 61
107 62
107 71
107 74
107 75
107 76
107 78
107 79
107 81
107 82
107 83
107 85
107 86
107 88
107 89
107 90
107 91
107 93
107 94
107 96
107 99
107 100
107 102
107 103
107 104
107 105
107 108
107 109
107 110
107 112
107 117
107 119
107 120
107 121
107 123
107 125
107 126
107 127
107 129
107 132
107 138
107 143
107 147
108 3
108 5
108 9
108 10
108 11
108 12
108 15
108 18
108 19
108 21
108 29
108 30
108 32
108 33
108 34
108 36
108 38
108 39
108 42
108 43
108 44
108 45
108 49
108 50
108 52
108 53
108 55
108 56
108 58
108 60
108 61
108 63
108 64
108 68
108 70
108 71
108 72
108 73
108 75
108 76
108 78
108 79
108 82
108 84
108 85
108 86
108 87
108 94
108 96
108 98
108 99
108 103
108 105
108 106
108 107
108 109
108 112
108 114
108 116
108 118
108 119
108 120
108 121
108 123
108 128
108 130
108 131
108 132
108 134
108 135
108 136
108 141
108 143
108 145
108 146
108 147
109 1
109 2
109 4
109 8
109 15
109 16
109 18
109 19
109 20
109 21
109 22
109 24
109 25
109 27
109 29
109 31
109 32
109 35
109 36
109 37
109 39
109 40
109 41
109 45
109 46
109 47
109 48
109 52
109 53
109 54
109 55
109 57
109 61
109 62
109 63
109 65
109 67
109 69
109 71
109 75
109 77
109 78
109 80
109 81
109 82
109 83
109 84
109 92
109 94
109 95
109 97
109 99
109 100
109 101
109 104
109 105
109 107
109 108
109 110
109 115
109 116
109 117
109 118
109 120
109 121
109 125
109 129
109 130
109 133
109 136
109 137
109 138
109 140
109 144
109 145
110 1
110 2
110 7
110 8
110 9
110 10
110 11
110 14
110 18
110 19
110 20
110 21
110 23
110 24
110 25
110 29
110 32
110 33
110 36
110 38
110 40
110 42
110 46
110 47
110 48
110 50
110 51
110 52
110 55
110 56
110 57
110 59
110 60
110 61
110 62
110 63
110 64
110 66
110 70
110 72
110 73
110 74
110 75
110 76
110 80
110 85
110 88
110 93
110 94
110 97
110 100
110 101
110 103
110 104
110 105
110 106
110 107
110 109
110 111
110 114
110 115
110 116
110 119
110 122
110 123
110 125
110 126
110 128
110 129
110 139
110 141
110 146
110 147
110 149
111 1
111 3
111 7
111 8
111 9
111 12
111 15
111 18
111 21
111 24
111 26
111 27
111 29
111 30
111 31
111 32
111 34
111 35
111 36
111 38
111 39
111 40
111 43
111 44
111 47
111 48
111 49
111 51
111 52
111 53
111 54
111 55
111 56
111 57
111 59
111 60
111 62
111 65
111 71
111 72
111 73
111 77
111 80
111 81
111 84
111 86
111 87
111 90
111 91
111 93
111 96
111 97
111 99
111 102
111 103
111 110
111 112
111 114
111 119
111 120
111 128
111 129
111 132
111 133
111 134
111 135
111 139
111 140
111 141
111 142
111 145
111 148
112 0
112 1
112 2
112 4
112 7
112 9
112 10
112 12
112 16
112 17
112 18
112 22
112 25
112 27
112 29
112 30
112 31
112 32
112 34
112 36
112 37
112 39
112 40
112 41
112 43
112 47
112 49
112 53
112 54
112 58
112 59
112 63
112 64
112 65
112 68
112 71
112 74
112 76
112 77
112 78
112 80
112 81
112 83
112 87
112 89
112 90
112 91
112 97
112 98
112 99
112 100
112 101
112 105
112 107
112 108
112 111
112 113
112 114
112 116
112 117
112 118
112 121
112 124
112 126
112 129
112 130
112 133
112 135
112 136
112 138
112 144
112 147
112 149
113 1
113 2
113 4
113 7
113 9
113 14
113 15
113 16
113 18
113 21
113 24
113 26
113 28
113 31
113 32
113 33
113 34
113 35
113 36
113 37
113 38
113 39
113 42
113 52
113 56
113 59
113 60
113 61
113 62
113 65
113 66
113 69
113 70
113 71
113 72
113 74
113 75
113 76
113 77
113 80
113 81
113 87
113 89
113 90
113 91
113 92
113 93
113 94
113 95
113 96
113 97
113 99
113 100
113 102
113 103
113 106
113 112
113 115
113 117
113 119
113 123
113 124
113 125
113 126
113 127
113 128
113 130
113 134
113 135
113 137
113 140
113 141
113 146
113 148
114 0
114 7
114 11
114 12
114 13
114 17
114 18
114 19
114 20
114 23
114 25
114 28
114 29
114 35
114 37
114 38
114 39
114 40
114 41
114 46
114 49
114 51
114 55
114 57
114 58
114 60
114 61
114 62
114 63
114 64
114 65
114 66
114 67
114 68
114 69
114 70
114 72
114 73
114 74
114 76
114 79
114 82
114 85
114 87
114 91
114 92
114 93
114 100
114 101
114 102
114 104
114 105
114 108
114 110
114 111
114 112
114 115
114 116
114 117
114 118
114 119
114 123
114 124
114 125
114 133
114 134
114 136
114 137
114 138
114 140
114 142
114 143
114 145
114 149
115 1
115 3
115 4
115 7
115 8
115 10
115 12
115 16
115 17
115 20
115 21
115 23
115 27
115 30
115 39
115 40
115 42
115 43
115 44
115 47
115 49
115 50
115 51
115 52
115 53
115 55
115 56
115 57
115 59
115 60
115 61
115 64
115 65
115 70
115 73
115 76
115 78
115 79
115 80
115 81
115 82
115 83
115 87
115 89
115 90
115 92
115 95
115 96
115 98
115 101
115 103
115 106
115 109
115 110
115 113
115 114
115 116
115 117
115 119
115 121
115 125
115 127
115 128
115 130
115 133
115 134
115 135
115 136
115 137
115 141
115 143
115 144
115 146
115 147
116 2
116 3
116 5
116 7
116 9
116 15
116 17
116 18
116 21
116 22
116 24
116 27
116 28
116 30
116 36
116 38
116 39
116 40
116 41
116 42
116 44
116 45
116 47
116 50
116 52
116 55
116 57
116 61
116 62
116 65
116 71
116 73
116 75
116 77
116 78
116 80
116 81
116 84
116 88
116 89
116 90
116 93
116 94
116 96
116 99
116 102
116 105
116 106
116 108
116 109
116 110
116 112
116 114
116 115
116 118
116 122
116 124
116 126
116 128
116 131
116 133
116 136
116 137
116 138
116 140
116 143
116 144
116 146
116 147
116 149
117 2
117 3
117 4
117 5
117 6
117 9
117 11
117 12
117 15
117 16
117 17
117 18
117 20
117 23
117 24
117 27
117 29
117 30
117 31
117 33
117 34
117 36
117 38
117 41
117 47
117 48
117 54
117 56
117 57
117 59
117 67
117 71
117 72
117 74
117 78
117 80
117 81
117 82
117 83
117 87
117 90
117 92
117 93
117 94
117 95
117 97
117 98
117 99
117 102
117 104
117 107
117 109
117 112
117 113
117 114
117 115
117 118
117 119
117 122
117 123
117 127
117 128
117 129
117 130
117 132
117 133
117 137
117 141
117 146
117 147
117 149
118 5
118 6
118 7
118 8
118 9
118 11
118 12
118 17
118 19
118 20
118 21
118 26
118 27
118 28
118 31
118 39
118 40
118 41
118 42
118 44
118 46
118 48
118 49
118 51
118 53
118 54
118 55
118 56
118 61
118 62
118 63
118 64
118 65
118 66
118 67
118 68
118 69
118 70
118 71
118 72
118 74
118 75
118 76
118 78
118 82
118 83
118 84
118 86
118 88
118 89
118 92
118 100
118 101
118 103
118 104
118 106
118 108
118 109
118 112
118 114
118 116
118 117
118 119
118 120
118 121
118 126
118 128
118 131
118 132
118 133
118 134
118 136
118 147
118 148
118 149
119 0
119 2
119 4
119 10
119 12
119 15
119 16
119 21
119 24
119 25
119 26
119 27
119 28
119 29
119 33
119 36
119 37
119 39
119 42
119 44
119 45
119 47
119 48
119 53
119 55
119 58
119 59
119 60
119 61
119 66
119 73
119 74
119 76
119 77
119 78
119 81
119 82
119 83
119 84
119 87
119 92
119 96
119 97
119 99
119 100
119 101
119 106
119 107
119 108
119 110
119 111
119 113
119 114
119 115
119 117
119 118
119 120
119 121
119 123
119 124
119 125
119 128
119 129
119 130
119 131
119 133
119 135
119 139
119 141
119 142
119 143
119 148
119 149
120 0
120 2
120 3
120 5
120 6
120 9
120 11
120 12
120 15
120 16
120 17
120 19
120 22
120 23
120 26
120 28
120 29
120 30
120 31
120 32
120 34
120 36
120 38
120 39
120 44
120 45
120 46
120 47
120 48
120 50
120 51
120 54
120 55
120 56
120 58
120 60
120 64
120 66
120 67
120 71
120 72
120 73
120 74
120 75
120 80
120 81
120 83
120 84
120 85
120 89
120 94
120 95
120 98
120 100
120 101
120 103
120 104
120 105
120 107
120 108
120 109
120 111
120 118
120 119
120 122
120 124
120 125
120 126
120 127
120 130
120 133
120 134
120 135
120 138
120 141
120 146
120 148
120 149
121 2
121 3
121 5
121 7
121 8
121 10
121 12
121 13
121 14
121 17
121 19
121 22
121 25
121 29
121 30
121 31
121 32
121 33
121 34
121 35
121 36
121 37
121 39
121 41
121 42
121 43
121 49
121 51
121 53
121 55
121 57
121 62
121 63
121 65
121 67
121 71
121 73
121 74
121 76
121 77
121 78
121 80
121 81
121 84
121 85
121 86
121 87
121 89
121 93
121 94
121 95
121 100
121 103
121 105
121 106
121 107
121 108
121 109
121 112
121 115
121 118
121 119
121 123
121 124
121 125
121 127
121 129
121 130
121 131
121 132
121 133
121 134
121 135
121 140
121 143
121 146
121 148
122 3
122 4
122 5
122 7
122 10
122 14
122 17
122 20
122 23
122 26
122 28
122 32
122 34
122 40
122 46
122 47
122 48
122 49
122 52
122 53
122 54
122 56
122 60
122 65
122 67
122 71
122 73
122 74
122 75
122 81
122 83
122 85
122 89
122 91
122 92
122 96
122 97
122 99
122 101
122 103
122 105
122 106
122 110
122 116
122 117
122 120
122 125
122 128
122 129
122 131
122 136
122 140
122 141
122 142
122 143
122 144
122 145
122 148
123 0
123 1
123 2
123 3
123 4
123 7
123 9
123 11
123 12
123 13
123 14
123 15
123 18
123 19
123 21
123 24
123 25
123 26
123 29
123 32
123 37
123 39
123 40
123 41
123 42
123 46
123 47
123 48
123 49
123 50
123 52
123 53
123 56
123 57
123 60
123 61
123 62
123 63
123 70
123 72
123 73
123 74
123 76
123 82
123 83
123 84
123 85
123 86
123 87
123 90
123 92
123 93
123 95
123 96
123 100
123 103
123 105
123 107
123 108
123 110
123 113
123 114
123 117
123 119
123 121
123 126
123 128
123 131
123 133
123 137
123 141
123 142
123 147
124 0
124 1
124 3
124 4
124 5
124 6
124 7
124 13
124 17
124 18
124 19
124 20
124 21
124 22
124 25
124 27
124 28
124 31
124 36
124 38
124 39
124 41
124 42
124 43
124 46
124 48
124 49
124 52
124 56
124 57
124 58
124 62
124 63
124 64
124 66
124 68
124 69
124 71
124 72
124 74
124 75
124 77
124 84
124 86
124 88
124 90
124 93
124 95
124 97
124 99
124 101
124 102
124 112
124 113
124 114
124 116
124 119
124 120
124 121
124 126
124 132
124 135
124 137
124 142
124 143
124 145
124 148
124 149
125 0
125 3
125 5
125 8
125 9
125 10
125 13
125 17
125 20
125 24
125 27
125 28
125 29
125 31
125 35
125 36
125 37
125 38
125 42
125 44
125 47
125 48
125 50
125 51
125 55
125 56
125 61
125 62
125 63
125 65
125 66
125 67
125 70
125 72
125 76
125 77
125 78
125 79
125 80
125 82
125 85
125 86
125 89
125 91
125 92
125 93
125 94
125 98
125 99
125 100
125 101
125 102
125 103
125 104
125 105
125 106
125 107
125 109
125 110
125 113
125 114
125 115
125 119
125 120
125 121
125 122
125 126
125 127
125 128
125 129
125 130
125 132
125 135
125 138
125 140
125 141
125 145
125 146
125 147
125 148
125 149
126 0
126 1
126 5
126 6
126 7
126 12
126 14
126 15
126 17
126 18
126 19
126 20
126 23
126 29
126 30
126 33
126 35
126 37
126 39
126 40
126 45
126 47
126 49
126 50
126 51
126 52
126 53
126 57
126 58
126 63
126 64
126 65
126 67
126 69
126 70
126 73
126 75
126 76
126 79
126 80
126 82
126 84
126 89
126 91
126 92
126 95
126 97
126 101
126 102
126 105
126 106
126 107
126 110
126 112
126 113
126 116
126 118
126 120
126 123
126 124
126 125
126 130
126 133
126 135
126 137
126 138
126 141
126 142
126 143
126 144
126 146
126 148
127 4
127 6
127 7
127 10
127 12
127 16
127 17
127 20
127 24
127 25
127 28
127 29
127 31
127 33
127 35
127 37
127 38
127 39
127 41
127 43
127 44
127 45
127 47
127 48
127 50
127 52
127 53
127 57
127 59
127 60
127 62
127 68
127 69
127 70
127 72
127 74
127 75
127 80
127 82
127 83
127 88
127 89
127 91
127 92
127 93
127 94
127 96
127 97
127 98
127 99
127 104
127 107
127 113
127 115
127 117
127 120
127 121
127 125
127 130
127 134
127 135
127 138
127 139
127 143
127 144
127 145
127 147
127 148
127 149
128 1
128 3
128 6
128 8
128 9
128 11
128 12
128 13
128 15
128 21
128 24
128 25
128 26
128 27
128 28
128 29
128 30
128 31
128 33
128 38
128 39
128 40
128 41
128 43
128 44
128 47
128 49
128 51
128 55
128 56
128 59
128 61
128 62
128 64
128 66
128 67
128 74
128 75
128 76
128 78
128 82
128 84
128 85
128 90
128 91
128 93
128 96
128 98
128 100
128 108
128 110
128 111
128 113
128 115
128 116
128 117
128 118
128 119
128 122
128 123
128 125
128 130
128 134
128 136
128 137
128 138
128 143
128 145
128 147
129 0
129 2
129 4
129 7
129 8
129 12
129 16
129 19
129 20
129 22
129 23
129 25
129 26
129 33
129 35
129 36
129 37
129 38
129 40
129 41
129 47
129 49
129 50
129 51
129 52
129 57
129 58
129 59
129 60
129 61
129 63
129 64
129 65
129 67
129 69
129 70
129 76
129 77
129 79
129 80
129 81
129 82
129 83
129 84
129 85
129 86
129 88
129 92
129 93
129 95
129 96
129 99
129 100
129 101
129 105
129 106
129 107
129 109
129 110
129 111
129 112
129 117
129 119
129 121
129 122
129 125
129 130
129 131
129 132
129 134
129 137
129 138
129 139
129 140
129 143
129 145
129 149
130 0
130 1
130 4
130 8
130 11
130 13
130 14
130 15
130 16
130 17
130 20
130 22
130 26
130 28
130 29
130 30
130 32
130 38
130 39
130 40
130 41
130 44
130 45
130 48
130 49
130 52
130 56
130 57
130 58
130 60
130 63
130 65
130 66
130 67
130 68
130 70
130 73
130 74
130 75
130 76
130 77
130 81
130 83
130 84
130 85
130 86
130 88
130 91
130 93
130 95
130 97
130 98
130 99
130 101
130 103
130 104
130 105
130 108
130 109
130 112
130 113
130 115
130 117
130 119
130 120
130 121
130 125
130 126
130 127
130 128
130 129
130 131
130 132
130 133
130 136
130 139
130 145
130 146
130 148
130 149
131 0
131 2
131 3
131 4
131 6
131 11
131 13
131 17
131 20
131 21
131 22
131 23
131 24
131 27
131 30
131 31
131 34
131 35
131 37
131 38
131 39
131 40
131 43
131 44
131 45
131 49
131 50
131 51
131 52
131 53
131 55
131 58
131 59
131 60
131 61
131 62
131 63
131 64
131 65
131 66
131 67
131 68
131 69
131 71
131 75
131 79
131 82
131 84
131 85
131 86
131 87
131 88
131 89
131 91
131 92
131 93
131 94
131 97
131 103
131 106
131 108
131 116
131 118
131 119
131 121
131 122
131 123
131 129
131 130
131 132
131 137
131 139
131 140
131 147
131 148
132 3
132 6
132 9
132 10
132 11
132 12
132 14
132 15
132 18
132 22
132 23
132 24
132 25
132 26
132 27
132 28
132 32
132 33
132 34
132 36
132 37
132 40
132 41
132 42
132 46
132 47
132 48
132 52
132 59
132 61
132 66
132 69
132 70
132 71
132 73
132 74
132 76
132 81
132 82
132 83
132 85
132 86
132 87
132 89
132 92
132 95
132 96
132 97
132 99
132 103
132 106
132 107
132 108
132 111
132 117
132 118
132 121
132 124
132 125
132 129
132 130
132 131
132 134
132 135
132 136
132 140
132 141
132 142
132 143
132 144
132 145
132 146
132 147
132 148
133 0
133 2
133 3
133 5
133 10
133 11
133 13
133 16
133 17
133 20
133 22
133 23
133 24
133 25
133 26
133 31
133 32
133 33
133 34
133 36
133 38
133 39
133 40
133 41
133 43
133 47
133 49
133 52
133 58
133 59
133 62
133 64
133 65
133 66
133 67
133 70
133 71
133 73
133 74
133 77
133 79
133 80
133 81
133 82
133 85
133 86
133 88
133 90
133 92
133 95
133 97
133 99
133 100
133 102
133 106
133 109
133 111
133 112
133 114
133 115
133 116
133 117
133 118
133 119
133 120
133 121
133 123
133 126
133 130
133 139
133 140
133 143
133 146
133 148
134 2
134 3
134 4
134 6
134 10
134 11
134 12
134 13
134 14
134 15
134 18
134 19
134 20
134 21
134 22
134 24
134 25
134 26
134 27
134 28
134 29
134 35
134 36
134 37
134 38
134 39
134 40
134 42
134 43
134 44
134 47
134 49
134 50
134 52
134 54
134 55
134 56
134 57
134 58
134 61
134 62
134 63
134 64
134 68
134 72
134 79
134 80
134 81
134 82
134 83
134 84
134 89
134 91
134 93
134 94
134 96
134 99
134 100
134 102
134 103
134 105
134 108
134 111
134 113
134 114
134 115
134 118
134 120
134 121
134 127
134 128
134 129
134 132
134 135
134 138
134 139
134 141
134 142
134 143
134 144
134 146
134 148
134 149
135 0
135 1
135 2
135 10
135 11
135 12
135 13
135 16
135 17
135 18
135 23
135 25
135 26
135 28
135 30
135 31
135 32
135 33
135 34
135 37
135 38
135 41
135 46
135 49
135 50
135 51
135 53
135 56
135 59
135 63
135 67
135 68
135 70
135 73
135 74
135 78
135 79
135 80
135 81
135 82
135 84
135 85
135 86
135 88
135 89
135 91
135 92
135 94
135 96
135 101
135 103
135 106
135 108
135 111
135 112
135 113
135 115
135 119
135 120
135 121
135 124
135 125
135 126
135 127
135 132
135 134
135 138
135 140
135 143
135 145
135 147
135 148
135 149
136 2
136 6
136 7
136 8
136 9
136 11
136 12
136 13
136 15
136 16
136 17
136 18
136 19
136 25
136 26
136 27
136 28
136 34
136 35
136 37
136 38
136 43
136 44
136 47
136 51
136 52
136 53
136 56
136 59
136 60
136 61
136 62
136 64
136 65
136 69
136 71
136 72
136 73
136 75
136 78
136 80
136 82
136 86
136 87
136 89
136 91
136 94
136 97
136 98
136 103
136 105
136 106
136 108
136 109
136 112
136 114
136 115
136 116
136 118
136 122
136 128
136 130
136 132
136 139
136 140
136 141
136 143
136 144
136 147
136 148
137 3
137 5
137 8
137 9
137 10
137 12
137 14
137 16
137 17
137 20
137 25
137 26
137 27
137 28
137 29
137 33
137 35
137 36
137 38
137 40
137 41
137 43
137 44
137 45
137 47
137 48
137 50
137 51
137 52
137 55
137 56
137 57
137 59
137 60
137 61
137 63
137 65
137 67
137 68
137 70
137 72
137 74
137 75
137 77
137 79
137 81
137 82
137 83
137 84
137 86
137 87
137 89
137 90
137 92
137 93
137 96
137 97
137 98
137 100
137 103
137 105
137 106
137 109
137 113
137 114
137 115
137 116
137 117
137 123
137 124
137 126
137 128
137 129
137 131
137 138
137 140
137 142
137 144
137 145
137 146
137 149
138 0
138 2
138 6
138 7
138 8
138 9
138 10
138 11
138 12
138 14
138 16
138 18
138 19
138 24
138 27
138 30
138 32
138 33
138 34
138 36
138 39
138 41
138 44
138 48
138 49
138 50
138 53
138 56
138 59
138 64
138 66
138 67
138 71
138 77
138 78
138 81
138 82
138 83
138 85
138 87
138 88
138 89
138 91
138 92
138 93
138 94
138 95
138 96
138 99
138 100
138 102
138 103
138 105
138 107
138 109
138 112
138 114
138 116
138 120
138 125
138 126
138 127
138 128
138 129
138 134
138 135
138 137
138 139
138 140
138 141
138 143
138 147
138 148
139 1
139 2
139 6
139 7
139 8
139 9
139 10
139 13
139 14
139 16
139 17
139 18
139 22
139 24
139 27
139 28
139 30
139 32
139 33
139 34
139 37
139 38
139 39
139 40
139 41
139 46
139 49
139 51
139 52
139 54
139 55
139 57
139 58
139 61
139 62
139 63
139 66
139 69
139 71
139 72
139 74
139 80
139 83
139 84
139 86
139 90
139 91
139 93
139 95
139 97
139 98
139 99
139 100
139 102
139 103
139 105
139 110
139 111
139 119
139 127
139 129
139 130
139 131
139 133
139 134
139 136
139 138
139 143
139 149
140 1
140 5
140 7
140 8
140 10
140 12
140 13
140 14
140 16
140 17
140 19
140 21
140 23
140 27
140 31
140 32
140 33
140 36
140 37
140 39
140 40
140 43
140 46
140 47
140 48
140 51
140 54
140 55
140 56
140 58
140 59
140 61
140 63
140 67
140 68
140 74
140 75
140 78
140 82
140 83
140 85
140 86
140 88
140 90
140 92
140 94
140 95
140 99
140 100
140 102
140 103
140 105
140 109
140 111
140 113
140 114
140 116
140 121
140 122
140 125
140 129
140 131
140 132
140 133
140 135
140 136
140 137
140 138
140 143
140 144
140 146
140 148
141 0
141 1
141 3
141 5
141 7
141 11
141 12
141 16
141 18
141 21
141 22
141 25
141 26
141 27
141 28
141 29
141 31
141 32
141 36
141 39
141 41
141 42
141 43
141 44
141 45
141 47
141 48
141 49
141 52
141 53
141 54
141 57
141 58
141 60
141 61
141 62
141 64
141 65
141 66
141 67
141 69
141 70
141 73
141 75
141 77
141 82
141 85
141 90
141 92
141 93
141 95
141 96
141 98
141 101
141 102
141 103
141 104
141 105
141 108
141 110
141 111
141 113
141 115
141 117
141 119
141 120
141 122
141 123
141 125
141 126
141 132
141 134
141 136
141 138
141 148
141 149
142 1
142 2
142 6
142 11
142 13
142 14
142 18
142 20
142 21
142 22
142 24
142 25
142 27
142 29
142 30
142 31
142 34
142 36
142 40
142 41
142 43
142 46
142 49
142 51
142 54
142 55
142 59
142 62
142 63
142 64
142 69
142 74
142 75
142 76
142 77
142 78
142 81
142 82
142 85
142 87
142 90
142 91
142 92
142 93
142 94
142 95
142 97
142 99
142 101
142 102
142 111
142 114
142 119
142 122
142 123
142 124
142 126
142 132
142 134
142 137
142 143
142 144
142 146
142 147
142 148
143 1
143 2
143 4
143 5
143 6
143 7
143 8
143 10
143 14
143 15
143 16
143 18
143 20
143 23
143 26
143 29
143 30
143 31
143 32
143 33
143 36
143 38
143 41
143 42
143 43
143 44
143 45
143 47
143 50
143 53
143 56
143 57
143 58
143 59
143 61
143 65
143 66
143 67
143 70
143 74
143 76
143 79
143 83
143 84
143 85
143 89
143 91
143 92
143 93
143 95
143 97
143 101
143 103
143 104
143 105
143 107
143 108
143 114
143 115
143 116
143 119
143 121
143 122
143 124
143 126
143 127
143 128
143 129
143 132
143 133
143 134
143 135
143 136
143 138
143 139
143 140
143 142
143 144
143 146
143 148
143 149
144 3
144 4
144 5
144 7
144 9
144 11
144 15
144 20
144 21
144 23
144 25
144 26
144 27
144 31
144 34
144 36
144 37
144 38
144 41
144 43
144 45
144 46
144 52
144 53
144 54
144 56
144 60
144 63
144 64
144 66
144 68
144 70
144 73
144 75
144 76
144 77
144 79
144 82
144 83
144 85
144 86
144 87
144 91
144 92
144 93
144 96
144 97
144 100
144 101
144 102
144 103
144 104
144 109
144 112
144 115
144 116
144 122
144 126
144 127
144 132
144 134
144 136
144 137
144 140
144 142
144 143
144 145
144 146
145 0
145 1
145 5
145 6
145 7
145 9
145 10
145 11
145 15
145 18
145 19
145 20
145 23
145 26
145 27
145 29
145 38
145 43
145 44
145 47
145 48
145 49
145 51
145 55
145 58
145 63
145 64
145 65
145 67
145 69
145 70
145 73
145 74
145 77
145 78
145 80
145 84
145 85
145 86
145 87
145 90
145 91
145 92
145 99
145 102
145 103
145 105
145 106
145 108
145 109
145 111
145 114
145 122
145 124
145 125
145 127
145 128
145 129
145 130
145 132
145 135
145 137
145 144
145 147
146 1
146 2
146 3
146 4
146 6
146 7
146 11
146 18
146 19
146 21
146 22
146 24
146 25
146 26
146 27
146 29
146 30
146 32
146 33
146 38
146 40
146 41
146 44
146 45
146 46
146 47
146 49
146 50
146 53
146 62
146 65
146 66
146 70
146 71
146 72
146 73
146 74
146 75
146 76
146 78
146 79
146 82
146 85
146 86
146 90
146 91
146 92
146 94
146 95
146 97
146 98
146 102
146 103
146 104
146 105
146 108
146 110
146 113
146 115
146 116
146 117
146 120
146 121
146 125
146 126
146 130
146 132
146 133
146 134
146 137
146 140
146 142
146 143
146 144
146 147
146 149
147 0
147 4
147 8
147 11
147 12
147 13
147 15
147 16
147 20
147 23
147 24
147 25
147 26
147 30
147 34
147 35
147 36
147 37
147 38
147 39
147 41
147 42
147 45
147 47
147 49
147 52
147 53
147 54
147 55
147 56
147 57
147 59
147 60
147 62
147 63
147 64
147 67
147 68
147 69
147 72
147 74
147 76
147 78
147 79
147 88
147 91
147 94
147 95
147 96
147 97
147 99
147 101
147 106
147 107
147 108
147 110
147 112
147 115
147 116
147 117
147 118
147 123
147 125
147 127
147 128
147 131
147 132
147 135
147 136
147 138
147 142
147 145
147 146
147 148
147 149
148 1
148 3
148 7
148 10
148 14
148 15
148 16
148 17
148 21
148 23
148 26
148 28
148 29
148 30
148 31
148 33
148 36
148 38
148 41
148 45
148 53
148 54
148 57
148 58
148 59
148 61
148 62
148 64
148 66
148 68
148 72
148 73
148 74
148 77
148 80
148 81
148 83
148 85
148 86
148 89
148 90
148 91
148 94
148 95
148 97
148 98
148 105
148 106
148 111
148 113
148 118
148 119
148 120
148 121
148 122
148 124
148 125
148 126
148 127
148 130
148 131
148 132
148 133
148 134
148 135
148 136
148 138
148 140
148 141
148 142
148 143
148 147
149 1
149 2
149 3
149 4
149 5
149 7
149 9
149 10
149 11
149 12
149 13
149 14
149 19
149 20
149 21
149 24
149 25
149 26
149 29
149 34
149 35
149 37
149 38
149 39
149 41
149 45
149 49
149 50
149 53
149 54
149 58
149 60
149 61
149 64
149 67
149 68
149 70
149 72
149 73
149 74
149 77
149 79
149 82
149 87
149 92
149 93
149 94
149 95
149 98
149 103
149 105
149 110
149 112
149 114
149 116
149 117
149 118
149 119
149 120
149 124
149 125
149 127
149 129
149 130
149 134
149 135
149 137
149 139
149 141
149 143
149 146
149 147
-1 -1 