100 2453
0 3
0 6
0 10
0 11
0 19
0 20
0 25
0 32
0 36
0 40
0 42
0 44
0 48
0 49
0 50
0 51
0 53
0 54
0 55
0 56
0 61
0 63
0 65
0 69
0 70
0 71
0 72
0 75
0 78
0 82
0 85
0 86
0 88
0 90
0 91
0 93
0 94
0 95
0 96
0 97
0 98
1 3
1 5
1 6
1 9
1 10
1 12
1 15
1 18
1 19
1 22
1 23
1 24
1 27
1 31
1 32
1 33
1 38
1 39
1 40
1 45
1 46
1 50
1 52
1 53
1 55
1 57
1 59
1 60
1 61
1 63
1 65
1 68
1 69
1 70
1 71
1 76
1 78
1 83
1 84
1 87
1 88
1 91
1 92
1 94
1 97
2 3
2 5
2 6
2 7
2 9
2 10
2 12
2 15
2 16
2 18
2 23
2 25
2 27
2 30
2 31
2 32
2 34
2 35
2 36
2 41
2 42
2 43
2 49
2 50
2 52
2 53
2 56
2 58
2 61
2 62
2 63
2 64
2 68
2 69
2 72
2 73
2 75
2 80
2 83
2 85
2 86
2 87
2 89
2 90
2 91
2 93
2 94
2 96
2 97
2 98
2 99
3 0
3 1
3 2
3 6
3 7
3 10
3 12
3 14
3 16
3 18
3 24
3 25
3 27
3 28
3 29
3 30
3 31
3 32
3 33
3 36
3 38
3 39
3 40
3 42
3 43
3 44
3 50
3 53
3 54
3 55
3 60
3 65
3 66
3 68
3 70
3 72
3 74
3 75
3 77
3 78
3 80
3 83
3 84
3 85
3 87
3 88
3 89
3 90
3 91
3 99
4 7
4 8
4 9
4 10
4 12
4 13
4 14
4 15
4 16
4 18
4 20
4 21
4 24
4 25
4 26
4 28
4 30
4 33
4 39
4 42
4 43
4 46
4 49
4 51
4 52
4 53
4 54
4 57
4 61
4 64
4 68
4 70
4 72
4 73
4 74
4 76
4 77
4 80
4 91
4 92
4 94
4 96
4 97
4 98
4 99
5 1
5 2
5 6
5 8
5 9
5 11
5 12
5 15
5 16
5 17
5 18
5 19
5 23
5 27
5 30
5 31
5 33
5 35
5 37
5 38
5 39
5 45
5 46
5 47
5 48
5 49
5 50
5 52
5 53
5 58
5 61
5 63
5 64
5 65
5 67
5 69
5 70
5 71
5 72
5 73
5 75
5 76
5 79
5 80
5 81
5 86
5 87
5 88
5 89
5 91
5 94
5 96
5 98
6 0
6 1
6 2
6 3
6 5
6 8
6 9
6 12
6 14
6 15
6 16
6 17
6 18
6 19
6 22
6 23
6 24
6 25
6 30
6 33
6 34
6 40
6 41
6 42
6 43
6 45
6 48
6 49
6 50
6 52
6 54
6 57
6 60
6 61
6 63
6 65
6 66
6 72
6 74
6 78
6 80
6 81
6 83
6 88
6 90
6 91
6 92
6 93
6 94
6 95
6 97
7 2
7 3
7 4
7 9
7 10
7 15
7 17
7 20
7 21
7 22
7 23
7 24
7 29
7 30
7 31
7 32
7 34
7 35
7 36
7 37
7 41
7 42
7 44
7 45
7 46
7 56
7 58
7 60
7 61
7 62
7 63
7 66
7 69
7 72
7 73
7 74
7 75
7 76
7 77
7 78
7 79
7 81
7 86
7 89
7 90
7 93
7 97
7 98
7 99
8 4
8 5
8 6
8 9
8 10
8 11
8 12
8 13
8 14
8 16
8 17
8 19
8 21
8 22
8 28
8 29
8 30
8 35
8 41
8 44
8 46
8 48
8 49
8 50
8 51
8 53
8 55
8 58
8 60
8 64
8 67
8 68
8 69
8 71
8 72
8 79
8 80
8 81
8 83
8 86
8 90
8 92
8 94
8 95
8 96
8 97
8 99
9 1
9 2
9 4
9 5
9 6
9 7
9 8
9 10
9 11
9 14
9 17
9 21
9 22
9 24
9 26
9 29
9 30
9 33
9 34
9 36
9 38
9 41
9 42
9 45
9 46
9 48
9 49
9 50
9 51
9 52
9 53
9 60
9 61
9 62
9 63
9 65
9 66
9 67
9 69
9 70
9 73
9 77
9 78
9 79
9 81
9 83
9 84
9 87
9 89
9 91
9 92
9 95
9 96
9 98
10 0
10 1
10 2
10 3
10 4
10 7
10 8
10 9
10 11
10 12
10 19
10 20
10 21
10 22
10 24
10 26
10 27
10 30
10 31
10 32
10 33
10 35
10 40
10 41
10 43
10 45
10 47
10 48
10 50
10 52
10 54
10 60
10 61
10 62
10 64
10 65
10 67
10 71
10 72
10 73
10 76
10 77
10 79
10 83
10 86
10 87
10 88
10 91
10 93
10 95
10 97
10 99
11 0
11 5
11 8
11 9
11 10
11 12
11 13
11 17
11 20
11 21
11 22
11 25
11 26
11 28
11 29
11 32
11 33
11 36
11 37
11 39
11 40
11 42
11 44
11 45
11 48
11 53
11 55
11 61
11 63
11 65
11 66
11 69
11 73
11 74
11 76
11 79
11 81
11 86
11 87
11 88
11 90
11 91
11 93
11 94
11 95
11 96
11 98
11 99
12 1
12 2
12 3
12 4
12 5
12 6
12 8
12 10
12 11
12 13
12 15
12 16
12 18
12 19
12 20
12 21
12 22
12 24
12 27
12 29
12 32
12 33
12 37
12 38
12 39
12 40
12 44
12 45
12 46
12 47
12 54
12 56
12 57
12 59
12 61
12 65
12 67
12 68
12 71
12 72
12 74
12 79
12 80
12 81
12 82
12 85
12 86
12 87
12 89
12 92
12 95
12 97
12 99
13 4
13 8
13 11
13 12
13 15
13 16
13 17
13 18
13 21
13 24
13 26
13 27
13 29
13 30
13 31
13 39
13 40
13 41
13 42
13 43
13 44
13 46
13 49
13 51
13 53
13 57
13 58
13 61
13 62
13 63
13 64
13 66
13 68
13 72
13 73
13 75
13 76
13 79
13 80
13 81
13 82
13 83
13 87
13 88
13 90
13 91
13 92
13 96
13 97
13 98
14 3
14 4
14 6
14 8
14 9
14 15
14 17
14 18
14 20
14 24
14 25
14 27
14 31
14 32
14 33
14 34
14 36
14 37
14 39
14 42
14 44
14 45
14 51
14 52
14 53
14 54
14 60
14 62
14 66
14 68
14 69
14 70
14 72
14 73
14 76
14 78
14 79
14 80
14 81
14 82
14 83
14 84
14 85
14 86
14 87
14 90
14 92
14 93
14 94
15 1
15 2
15 4
15 5
15 6
15 7
15 12
15 13
15 14
15 18
15 20
15 24
15 25
15 26
15 28
15 29
15 30
15 31
15 32
15 37
15 39
15 40
15 42
15 43
15 44
15 46
15 47
15 48
15 50
15 51
15 52
15 53
15 54
15 55
15 59
15 63
15 65
15 66
15 68
15 70
15 73
15 74
15 77
15 78
15 79
15 81
15 83
15 84
15 87
15 93
15 95
16 2
16 3
16 4
16 5
16 6
16 8
16 12
16 13
16 19
16 20
16 23
16 24
16 26
16 28
16 30
16 31
16 32
16 35
16 36
16 38
16 39
16 41
16 43
16 44
16 45
16 46
16 47
16 49
16 52
16 55
16 57
16 62
16 70
16 71
16 72
16 74
16 75
16 79
16 81
16 84
16 87
16 88
16 89
16 91
16 95
17 5
17 6
17 7
17 8
17 9
17 11
17 13
17 14
17 19
17 23
17 25
17 27
17 28
17 31
17 36
17 41
17 44
17 46
17 50
17 54
17 55
17 58
17 59
17 60
17 64
17 68
17 77
17 78
17 80
17 81
17 87
17 91
17 95
17 98
17 99
18 1
18 2
18 3
18 4
18 5
18 6
18 12
18 13
18 14
18 15
18 19
18 24
18 27
18 30
18 31
18 32
18 34
18 36
18 37
18 40
18 41
18 42
18 43
18 44
18 49
18 53
18 54
18 55
18 56
18 58
18 63
18 64
18 66
18 68
18 69
18 70
18 76
18 80
18 83
18 84
18 87
18 88
18 89
18 92
18 93
18 94
18 96
18 97
18 98
19 0
19 1
19 5
19 6
19 8
19 10
19 12
19 16
19 17
19 18
19 20
19 21
19 23
19 24
19 25
19 27
19 30
19 31
19 32
19 34
19 36
19 37
19 38
19 39
19 40
19 41
19 42
19 46
19 47
19 48
19 49
19 50
19 52
19 56
19 57
19 60
19 61
19 63
19 66
19 67
19 71
19 73
19 75
19 77
19 78
19 79
19 80
19 81
19 87
19 93
19 94
19 95
19 96
20 0
20 4
20 7
20 10
20 11
20 12
20 14
20 15
20 16
20 19
20 21
20 23
20 24
20 25
20 26
20 27
20 28
20 32
20 33
20 35
20 36
20 37
20 39
20 40
20 41
20 42
20 43
20 44
20 47
20 48
20 50
20 51
20 52
20 53
20 54
20 55
20 56
20 57
20 60
20 63
20 64
20 66
20 67
20 69
20 70
20 71
20 74
20 77
20 78
20 81
20 82
20 83
20 84
20 85
20 87
20 90
20 91
20 93
20 94
21 4
21 7
21 8
21 9
21 10
21 11
21 12
21 13
21 19
21 20
21 22
21 23
21 25
21 26
21 28
21 29
21 31
21 35
21 36
21 37
21 39
21 45
21 49
21 50
21 51
21 52
21 55
21 56
21 58
21 59
21 62
21 64
21 65
21 68
21 69
21 71
21 73
21 75
21 78
21 79
21 80
21 81
21 82
21 86
21 87
21 89
21 90
21 92
21 94
21 96
21 97
21 98
22 1
22 6
22 7
22 8
22 9
22 10
22 11
22 12
22 21
22 23
22 25
22 26
22 27
22 31
22 32
22 35
22 36
22 37
22 38
22 39
22 40
22 42
22 43
22 45
22 51
22 54
22 56
22 57
22 60
22 62
22 65
22 66
22 68
22 69
22 70
22 72
22 73
22 74
22 77
22 78
22 79
22 80
22 81
22 82
22 85
22 87
22 90
22 92
22 94
22 95
22 99
23 1
23 2
23 5
23 6
23 7
23 16
23 17
23 19
23 20
23 21
23 22
23 24
23 25
23 28
23 31
23 36
23 37
23 38
23 40
23 44
23 45
23 48
23 49
23 50
23 52
23 54
23 55
23 59
23 60
23 62
23 67
23 68
23 69
23 70
23 72
23 73
23 74
23 77
23 78
23 81
23 82
23 83
23 85
23 87
23 88
23 89
23 90
23 91
23 92
23 93
23 94
23 95
23 98
24 1
24 3
24 4
24 6
24 7
24 9
24 10
24 12
24 13
24 14
24 15
24 16
24 18
24 19
24 20
24 23
24 25
24 27
24 28
24 29
24 31
24 32
24 33
24 34
24 36
24 38
24 41
24 42
24 43
24 44
24 45
24 46
24 49
24 55
24 56
24 59
24 60
24 62
24 66
24 67
24 68
24 69
24 74
24 77
24 79
24 81
24 82
24 83
24 85
24 88
24 90
24 92
24 94
24 97
25 0
25 2
25 3
25 4
25 6
25 11
25 14
25 15
25 17
25 19
25 20
25 21
25 22
25 23
25 24
25 27
25 30
25 31
25 32
25 33
25 34
25 41
25 47
25 48
25 49
25 51
25 57
25 60
25 61
25 66
25 67
25 68
25 69
25 71
25 72
25 75
25 83
25 84
25 88
25 89
25 92
25 93
25 94
25 95
25 99
26 4
26 9
26 10
26 11
26 13
26 15
26 16
26 20
26 21
26 22
26 33
26 34
26 37
26 38
26 40
26 41
26 43
26 44
26 47
26 49
26 51
26 54
26 55
26 57
26 58
26 59
26 60
26 61
26 63
26 64
26 69
26 70
26 72
26 74
26 76
26 77
26 78
26 80
26 86
26 87
26 88
26 89
26 92
26 93
26 95
26 97
26 98
27 1
27 2
27 3
27 5
27 10
27 12
27 13
27 14
27 17
27 18
27 19
27 20
27 22
27 24
27 25
27 28
27 31
27 34
27 38
27 39
27 40
27 42
27 44
27 46
27 51
27 52
27 53
27 56
27 57
27 59
27 60
27 62
27 63
27 66
27 69
27 71
27 73
27 74
27 77
27 78
27 82
27 85
27 89
27 93
27 95
27 98
28 3
28 4
28 8
28 11
28 15
28 16
28 17
28 20
28 21
28 23
28 24
28 27
28 30
28 31
28 32
28 36
28 39
28 40
28 41
28 42
28 43
28 48
28 49
28 53
28 54
28 55
28 57
28 58
28 62
28 64
28 65
28 66
28 67
28 72
28 75
28 79
28 81
28 82
28 83
28 84
28 85
28 90
28 91
28 92
28 93
28 95
28 97
29 3
29 7
29 8
29 9
29 11
29 12
29 13
29 15
29 21
29 24
29 30
29 31
29 32
29 34
29 39
29 40
29 43
29 47
29 48
29 50
29 52
29 58
29 65
29 73
29 75
29 76
29 79
29 81
29 82
29 84
29 86
29 87
29 88
29 89
29 92
29 93
29 94
29 99
30 2
30 3
30 4
30 5
30 6
30 7
30 8
30 9
30 10
30 13
30 15
30 16
30 18
30 19
30 25
30 28
30 29
30 35
30 37
30 43
30 45
30 46
30 50
30 51
30 52
30 55
30 57
30 58
30 59
30 60
30 61
30 62
30 65
30 68
30 70
30 72
30 76
30 77
30 80
30 83
30 84
30 85
30 86
30 88
30 90
31 1
31 2
31 3
31 5
31 7
31 10
31 13
31 14
31 15
31 16
31 17
31 18
31 19
31 21
31 22
31 23
31 24
31 25
31 27
31 28
31 29
31 32
31 33
31 34
31 35
31 36
31 37
31 38
31 40
31 41
31 42
31 43
31 49
31 50
31 51
31 52
31 53
31 54
31 58
31 60
31 65
31 66
31 74
31 75
31 76
31 77
31 79
31 80
31 81
31 82
31 83
31 84
31 85
31 88
31 89
31 90
31 91
31 92
31 93
31 94
31 96
31 98
31 99
32 0
32 1
32 2
32 3
32 7
32 10
32 11
32 12
32 14
32 15
32 16
32 18
32 19
32 20
32 22
32 24
32 25
32 28
32 29
32 31
32 35
32 37
32 39
32 40
32 41
32 43
32 44
32 45
32 46
32 51
32 53
32 57
32 60
32 61
32 65
32 67
32 71
32 74
32 77
32 79
32 80
32 81
32 89
32 91
32 96
32 97
32 98
33 1
33 3
33 4
33 5
33 6
33 9
33 10
33 11
33 12
33 14
33 20
33 24
33 25
33 26
33 31
33 35
33 36
33 37
33 38
33 39
33 40
33 41
33 42
33 44
33 47
33 50
33 51
33 53
33 54
33 56
33 58
33 59
33 63
33 66
33 67
33 73
33 74
33 75
33 78
33 79
33 83
33 84
33 86
33 92
33 93
33 94
33 95
33 97
33 99
34 2
34 6
34 7
34 9
34 14
34 18
34 19
34 24
34 25
34 26
34 27
34 29
34 31
34 36
34 37
34 38
34 39
34 40
34 42
34 43
34 47
34 48
34 50
34 52
34 53
34 56
34 59
34 60
34 64
34 65
34 67
34 69
34 70
34 73
34 74
34 76
34 77
34 78
34 79
34 88
34 89
34 90
34 91
34 92
34 94
34 95
34 96
34 97
35 2
35 5
35 7
35 8
35 10
35 16
35 20
35 21
35 22
35 30
35 31
35 32
35 33
35 37
35 38
35 39
35 41
35 44
35 45
35 51
35 53
35 54
35 57
35 59
35 60
35 69
35 72
35 73
35 76
35 79
35 81
35 82
35 83
35 88
35 92
35 93
35 98
36 0
36 2
36 3
36 7
36 9
36 11
36 14
36 16
36 17
36 18
36 19
36 20
36 21
36 22
36 23
36 24
36 28
36 31
36 33
36 34
36 38
36 39
36 40
36 45
36 48
36 54
36 63
36 64
36 68
36 71
36 75
36 76
36 77
36 79
36 80
36 81
36 84
36 86
36 87
36 88
36 89
36 90
36 93
36 95
36 96
36 97
36 98
37 5
37 7
37 11
37 12
37 14
37 15
37 18
37 19
37 20
37 21
37 22
37 23
37 26
37 30
37 31
37 32
37 33
37 34
37 35
37 38
37 41
37 44
37 48
37 51
37 55
37 56
37 57
37 61
37 64
37 68
37 69
37 70
37 71
37 73
37 74
37 76
37 79
37 85
37 89
37 91
37 92
37 93
37 96
37 97
38 1
38 3
38 5
38 9
38 12
38 16
38 19
38 22
38 23
38 24
38 26
38 27
38 31
38 33
38 34
38 35
38 36
38 37
38 39
38 40
38 42
38 44
38 45
38 46
38 48
38 49
38 50
38 54
38 58
38 59
38 62
38 64
38 66
38 69
38 72
38 74
38 75
38 82
38 85
38 89
38 90
38 91
38 93
38 96
38 97
38 98
38 99
39 1
39 3
39 4
39 5
39 11
39 12
39 13
39 14
39 15
39 16
39 19
39 20
39 21
39 22
39 27
39 28
39 29
39 32
39 33
39 34
39 35
39 36
39 38
39 40
39 41
39 43
39 44
39 47
39 48
39 50
39 51
39 56
39 58
39 59
39 60
39 61
39 64
39 65
39 66
39 68
39 69
39 74
39 78
39 81
39 82
39 84
39 86
39 88
39 89
39 90
39 92
39 94
39 95
39 97
39 99
40 0
40 1
40 3
40 6
40 10
40 11
40 12
40 13
40 15
40 18
40 19
40 20
40 22
40 23
40 26
40 27
40 28
40 29
40 31
40 32
40 33
40 34
40 36
40 38
40 39
40 42
40 43
40 44
40 47
40 49
40 50
40 51
40 53
40 54
40 55
40 59
40 60
40 65
40 69
40 71
40 74
40 75
40 76
40 77
40 79
40 81
40 84
40 86
40 89
40 91
40 92
40 97
41 2
41 6
41 7
41 8
41 9
41 10
41 13
41 16
41 17
41 18
41 19
41 20
41 24
41 25
41 26
41 28
41 31
41 32
41 33
41 35
41 37
41 39
41 42
41 43
41 46
41 47
41 52
41 53
41 57
41 58
41 59
41 60
41 62
41 63
41 64
41 66
41 67
41 68
41 70
41 71
41 76
41 77
41 78
41 79
41 84
41 86
41 88
41 89
41 90
41 92
41 98
42 0
42 2
42 3
42 4
42 6
42 7
42 9
42 11
42 13
42 14
42 15
42 18
42 19
42 20
42 22
42 24
42 27
42 28
42 31
42 33
42 34
42 38
42 40
42 41
42 43
42 47
42 48
42 51
42 52
42 54
42 55
42 57
42 59
42 63
42 64
42 66
42 67
42 69
42 71
42 72
42 73
42 75
42 76
42 77
42 79
42 81
42 83
42 86
42 87
42 88
42 94
42 95
43 2
43 3
43 4
43 6
43 10
43 13
43 15
43 16
43 18
43 20
43 22
43 24
43 26
43 28
43 29
43 30
43 31
43 32
43 34
43 39
43 40
43 41
43 42
43 45
43 48
43 51
43 53
43 56
43 60
43 61
43 64
43 65
43 70
43 71
43 72
43 73
43 74
43 79
43 81
43 83
43 86
43 87
43 91
43 93
43 96
43 98
43 99
44 0
44 3
44 7
44 8
44 11
44 12
44 13
44 14
44 15
44 16
44 17
44 18
44 20
44 23
44 24
44 26
44 27
44 32
44 33
44 35
44 37
44 38
44 39
44 40
44 46
44 50
44 53
44 58
44 59
44 60
44 61
44 62
44 63
44 64
44 67
44 71
44 72
44 79
44 80
44 81
44 84
44 85
44 92
44 94
45 1
45 5
45 6
45 7
45 9
45 10
45 11
45 12
45 14
45 16
45 21
45 22
45 23
45 24
45 30
45 32
45 35
45 36
45 38
45 43
45 46
45 47
45 51
45 52
45 53
45 54
45 55
45 58
45 59
45 60
45 62
45 63
45 64
45 65
45 72
45 73
45 78
45 80
45 81
45 82
45 84
45 85
45 86
45 87
45 90
45 95
45 96
45 97
45 98
45 99
46 1
46 4
46 5
46 7
46 8
46 9
46 12
46 13
46 15
46 16
46 17
46 19
46 24
46 27
46 30
46 32
46 38
46 41
46 44
46 45
46 47
46 48
46 49
46 52
46 55
46 56
46 59
46 60
46 63
46 64
46 67
46 68
46 75
46 76
46 79
46 83
46 85
46 86
46 88
46 89
46 92
46 93
46 94
46 95
46 96
47 5
47 10
47 12
47 15
47 16
47 19
47 20
47 25
47 26
47 29
47 33
47 34
47 39
47 40
47 41
47 42
47 45
47 46
47 48
47 49
47 57
47 58
47 59
47 60
47 61
47 63
47 64
47 65
47 66
47 67
47 68
47 69
47 70
47 72
47 75
47 77
47 80
47 82
47 83
47 84
47 86
47 87
47 88
47 92
47 93
47 95
47 96
47 97
47 98
48 0
48 5
48 6
48 8
48 9
48 10
48 11
48 15
48 19
48 20
48 23
48 25
48 28
48 29
48 34
48 36
48 37
48 38
48 39
48 42
48 43
48 46
48 47
48 49
48 50
48 51
48 53
48 55
48 57
48 58
48 60
48 61
48 62
48 64
48 66
48 68
48 69
48 74
48 76
48 77
48 81
48 82
48 85
48 88
48 90
48 93
48 94
48 98
48 99
49 0
49 2
49 4
49 5
49 6
49 8
49 9
49 13
49 16
49 18
49 19
49 21
49 23
49 24
49 25
49 26
49 28
49 31
49 38
49 40
49 46
49 47
49 48
49 50
49 54
49 55
49 57
49 58
49 60
49 61
49 62
49 63
49 64
49 65
49 67
49 68
49 70
49 71
49 72
49 76
49 77
49 81
49 84
49 87
49 88
49 90
49 91
49 92
49 94
49 96
49 98
49 99
50 0
50 1
50 2
50 3
50 5
50 6
50 8
50 9
50 10
50 15
50 17
50 19
50 20
50 21
50 23
50 29
50 30
50 31
50 33
50 34
50 38
50 39
50 40
50 44
50 48
50 49
50 52
50 54
50 58
50 62
50 63
50 67
50 69
50 73
50 75
50 76
50 77
50 79
50 80
50 82
50 84
50 85
50 89
50 91
50 93
50 95
50 96
50 97
50 98
50 99
51 0
51 4
51 8
51 9
51 13
51 14
51 15
51 20
51 21
51 22
51 25
51 26
51 27
51 30
51 31
51 32
51 33
51 35
51 37
51 39
51 40
51 42
51 43
51 45
51 48
51 53
51 57
51 58
51 59
51 61
51 63
51 65
51 67
51 68
51 69
51 70
51 73
51 75
51 76
51 78
51 80
51 81
51 84
51 85
51 86
51 88
51 89
51 91
51 92
51 94
51 95
51 97
51 98
51 99
52 1
52 2
52 4
52 5
52 6
52 9
52 10
52 14
52 15
52 16
52 19
52 20
52 21
52 23
52 27
52 29
52 30
52 31
52 34
52 41
52 42
52 45
52 46
52 50
52 53
52 54
52 57
52 58
52 60
52 61
52 65
52 67
52 68
52 70
52 71
52 72
52 73
52 75
52 76
52 78
52 79
52 81
52 85
52 89
52 93
52 94
52 98
52 99
53 0
53 1
53 2
53 3
53 4
53 5
53 8
53 9
53 11
53 13
53 14
53 15
53 18
53 20
53 27
53 28
53 31
53 32
53 33
53 34
53 35
53 40
53 41
53 43
53 44
53 45
53 48
53 51
53 52
53 54
53 58
53 59
53 61
53 64
53 68
53 69
53 73
53 74
53 76
53 78
53 81
53 82
53 83
53 84
53 88
53 89
53 90
53 93
53 95
53 96
53 97
53 98
54 0
54 3
54 4
54 6
54 10
54 12
54 14
54 15
54 17
54 18
54 20
54 22
54 23
54 26
54 28
54 31
54 33
54 35
54 36
54 38
54 40
54 42
54 45
54 49
54 50
54 52
54 53
54 55
54 56
54 57
54 58
54 63
54 65
54 67
54 71
54 73
54 76
54 77
54 78
54 79
54 80
54 82
54 83
54 84
54 86
54 88
54 92
54 95
54 96
54 99
55 0
55 1
55 3
55 8
55 11
55 15
55 16
55 17
55 18
55 20
55 21
55 23
55 24
55 26
55 28
55 30
55 37
55 40
55 42
55 45
55 46
55 48
55 49
55 54
55 57
55 61
55 63
55 65
55 67
55 68
55 69
55 73
55 76
55 77
55 78
55 79
55 81
55 86
55 89
55 90
55 91
55 93
55 94
55 95
55 97
55 98
55 99
56 0
56 2
56 7
56 12
56 18
56 19
56 20
56 21
56 22
56 24
56 27
56 33
56 34
56 37
56 39
56 43
56 46
56 54
56 58
56 61
56 62
56 64
56 65
56 66
56 68
56 69
56 71
56 72
56 75
56 78
56 80
56 81
56 82
56 83
56 84
56 86
56 87
56 90
56 91
56 95
56 96
56 97
56 98
56 99
57 1
57 4
57 6
57 12
57 13
57 16
57 19
57 20
57 22
57 25
57 26
57 27
57 28
57 30
57 32
57 35
57 37
57 41
57 42
57 47
57 48
57 49
57 51
57 52
57 54
57 55
57 59
57 61
57 65
57 66
57 67
57 71
57 75
57 83
57 85
57 87
57 88
57 89
57 91
57 93
57 95
57 96
57 98
58 2
58 5
58 7
58 8
58 13
58 17
58 18
58 21
58 26
58 28
58 29
58 30
58 31
58 33
58 38
58 39
58 41
58 44
58 45
58 47
58 48
58 49
58 50
58 51
58 52
58 53
58 54
58 56
58 59
58 63
58 65
58 66
58 71
58 73
58 75
58 77
58 78
58 79
58 84
58 86
58 88
58 92
58 93
58 94
58 95
58 97
58 98
58 99
59 1
59 12
59 15
59 17
59 21
59 23
59 24
59 26
59 27
59 30
59 33
59 34
59 35
59 38
59 39
59 40
59 41
59 42
59 44
59 45
59 46
59 47
59 51
59 53
59 57
59 58
59 62
59 63
59 64
59 67
59 70
59 71
59 72
59 73
59 74
59 75
59 78
59 79
59 80
59 81
59 82
59 84
59 87
59 88
59 89
59 91
59 92
59 93
59 94
59 95
59 96
59 97
59 99
60 1
60 3
60 6
60 7
60 8
60 9
60 10
60 14
60 17
60 19
60 20
60 22
60 23
60 24
60 25
60 26
60 27
60 30
60 31
60 32
60 34
60 35
60 39
60 40
60 41
60 43
60 44
60 45
60 46
60 47
60 48
60 49
60 52
60 61
60 69
60 70
60 72
60 73
60 74
60 76
60 77
60 78
60 79
60 80
60 81
60 83
60 84
60 87
60 94
60 96
60 99
61 0
61 1
61 2
61 4
61 5
61 6
61 7
61 9
61 10
61 11
61 12
61 13
61 19
61 25
61 26
61 30
61 32
61 37
61 39
61 43
61 44
61 47
61 48
61 49
61 51
61 52
61 53
61 55
61 56
61 57
61 60
61 66
61 67
61 68
61 72
61 73
61 74
61 75
61 76
61 77
61 81
61 82
61 83
61 84
61 85
61 86
61 88
61 90
61 97
61 98
61 99
62 2
62 7
62 9
62 10
62 13
62 14
62 16
62 21
62 22
62 23
62 24
62 27
62 28
62 30
62 38
62 41
62 44
62 45
62 48
62 49
62 50
62 56
62 59
62 65
62 66
62 69
62 71
62 72
62 73
62 74
62 76
62 82
62 83
62 84
62 85
62 87
62 88
62 90
62 92
62 93
62 95
62 96
62 97
62 98
63 0
63 1
63 2
63 5
63 6
63 7
63 9
63 11
63 13
63 15
63 18
63 19
63 20
63 26
63 27
63 33
63 36
63 41
63 42
63 44
63 45
63 46
63 47
63 49
63 50
63 51
63 54
63 55
63 58
63 59
63 64
63 68
63 72
63 75
63 80
63 82
63 83
63 85
63 86
63 88
63 89
63 91
63 92
63 93
63 94
63 98
63 99
64 2
64 4
64 5
64 8
64 10
64 13
64 17
64 18
64 20
64 21
64 26
64 28
64 34
64 36
64 37
64 38
64 39
64 41
64 42
64 43
64 44
64 45
64 46
64 47
64 48
64 49
64 53
64 56
64 59
64 63
64 66
64 67
64 72
64 76
64 77
64 79
64 80
64 81
64 83
64 85
64 86
64 87
64 92
64 93
64 94
64 96
64 99
65 0
65 1
65 3
65 5
65 6
65 9
65 10
65 11
65 12
65 15
65 21
65 22
65 28
65 29
65 30
65 31
65 32
65 34
65 39
65 40
65 43
65 45
65 47
65 49
65 51
65 52
65 54
65 55
65 56
65 57
65 58
65 62
65 69
65 70
65 71
65 75
65 78
65 80
65 81
65 86
65 87
65 88
65 91
65 92
65 94
65 95
65 99
66 3
66 6
66 7
66 9
66 11
66 13
66 14
66 15
66 18
66 19
66 20
66 22
66 24
66 25
66 27
66 28
66 31
66 33
66 38
66 39
66 41
66 42
66 47
66 48
66 56
66 57
66 58
66 61
66 62
66 64
66 71
66 74
66 75
66 79
66 81
66 90
66 91
66 93
66 96
66 97
66 99
67 5
67 8
67 9
67 10
67 12
67 19
67 20
67 23
67 24
67 25
67 28
67 32
67 33
67 34
67 41
67 42
67 44
67 46
67 47
67 49
67 50
67 51
67 52
67 54
67 55
67 57
67 59
67 61
67 64
67 69
67 70
67 72
67 73
67 75
67 77
67 81
67 83
67 84
67 85
67 86
67 90
67 91
67 94
67 95
67 96
67 99
68 1
68 2
68 3
68 4
68 8
68 12
68 13
68 14
68 15
68 17
68 18
68 21
68 22
68 23
68 24
68 25
68 30
68 36
68 37
68 39
68 41
68 46
68 47
68 48
68 49
68 51
68 52
68 53
68 55
68 56
68 61
68 63
68 74
68 75
68 79
68 80
68 81
68 82
68 83
68 87
68 89
68 91
68 92
68 93
68 94
68 97
68 99
69 0
69 1
69 2
69 5
69 7
69 8
69 9
69 11
69 14
69 18
69 20
69 21
69 22
69 23
69 24
69 25
69 26
69 27
69 34
69 35
69 37
69 38
69 39
69 40
69 42
69 47
69 48
69 50
69 51
69 53
69 55
69 56
69 60
69 62
69 65
69 67
69 71
69 74
69 75
69 76
69 79
69 84
69 87
69 92
69 96
69 99
70 0
70 1
70 3
70 4
70 5
70 9
70 14
70 15
70 16
70 18
70 20
70 22
70 23
70 26
70 30
70 34
70 37
70 41
70 43
70 47
70 49
70 51
70 52
70 59
70 60
70 65
70 67
70 71
70 72
70 75
70 76
70 77
70 78
70 79
70 80
70 82
70 87
70 88
70 92
70 93
70 94
70 96
70 99
71 0
71 1
71 5
71 8
71 10
71 12
71 16
71 19
71 20
71 21
71 25
71 27
71 32
71 36
71 37
71 40
71 41
71 42
71 43
71 44
71 49
71 52
71 54
71 56
71 57
71 58
71 59
71 62
71 65
71 66
71 69
71 70
71 73
71 74
71 76
71 78
71 79
71 80
71 82
71 83
71 84
71 85
71 86
71 88
71 89
71 94
71 95
71 96
71 97
71 99
72 0
72 2
72 3
72 4
72 5
72 6
72 7
72 8
72 10
72 12
72 13
72 14
72 16
72 22
72 23
72 25
72 26
72 28
72 30
72 35
72 38
72 42
72 43
72 44
72 45
72 47
72 49
72 52
72 56
72 59
72 60
72 61
72 62
72 63
72 64
72 67
72 70
72 75
72 76
72 78
72 79
72 80
72 84
72 85
72 86
72 87
72 89
72 91
72 94
72 96
72 97
73 2
73 4
73 5
73 7
73 9
73 10
73 11
73 13
73 14
73 15
73 19
73 21
73 22
73 23
73 27
73 29
73 33
73 34
73 35
73 37
73 42
73 43
73 45
73 50
73 51
73 52
73 53
73 54
73 55
73 58
73 59
73 60
73 61
73 62
73 67
73 71
73 74
73 75
73 78
73 79
73 80
73 81
73 82
73 84
73 85
73 87
73 88
73 89
73 90
73 91
73 94
73 96
73 97
74 3
74 4
74 6
74 7
74 11
74 12
74 15
74 16
74 20
74 22
74 23
74 24
74 26
74 27
74 31
74 32
74 33
74 34
74 37
74 38
74 39
74 40
74 43
74 48
74 53
74 59
74 60
74 61
74 62
74 66
74 68
74 69
74 71
74 73
74 75
74 78
74 82
74 84
74 86
74 87
74 88
74 89
74 90
74 91
74 93
74 94
74 97
74 99
75 0
75 2
75 3
75 5
75 7
75 13
75 16
75 19
75 21
75 25
75 28
75 29
75 31
75 33
75 36
75 38
75 40
75 42
75 46
75 47
75 50
75 51
75 52
75 56
75 57
75 58
75 59
75 61
75 63
75 65
75 66
75 67
75 68
75 69
75 70
75 72
75 73
75 74
75 77
75 79
75 80
75 81
75 82
75 83
75 86
75 88
75 90
75 91
75 92
75 93
75 94
75 95
75 97
75 99
76 1
76 4
76 5
76 7
76 10
76 11
76 13
76 14
76 18
76 26
76 29
76 30
76 31
76 34
76 35
76 36
76 37
76 40
76 41
76 42
76 46
76 48
76 49
76 50
76 51
76 52
76 53
76 54
76 55
76 60
76 61
76 62
76 64
76 69
76 70
76 71
76 72
76 78
76 82
76 83
76 84
76 85
76 86
76 87
76 88
76 89
76 91
76 92
76 94
76 99
77 3
77 4
77 7
77 9
77 10
77 15
77 17
77 19
77 20
77 22
77 23
77 24
77 26
77 27
77 30
77 31
77 32
77 34
77 36
77 40
77 41
77 42
77 47
77 48
77 49
77 50
77 54
77 55
77 58
77 60
77 61
77 64
77 67
77 70
77 75
77 78
77 79
77 80
77 81
77 85
77 86
77 87
77 88
77 89
77 90
77 91
77 94
78 0
78 1
78 3
78 6
78 7
78 9
78 14
78 15
78 17
78 19
78 20
78 21
78 22
78 23
78 26
78 27
78 33
78 34
78 39
78 41
78 45
78 51
78 52
78 53
78 54
78 55
78 56
78 58
78 59
78 60
78 65
78 70
78 71
78 72
78 73
78 74
78 76
78 77
78 80
78 81
78 85
78 95
78 99
79 5
79 7
79 8
79 9
79 10
79 11
79 12
79 13
79 14
79 15
79 16
79 19
79 21
79 22
79 24
79 28
79 29
79 31
79 32
79 33
79 34
79 35
79 36
79 37
79 40
79 41
79 42
79 43
79 44
79 46
79 50
79 52
79 54
79 55
79 58
79 59
79 60
79 64
79 66
79 68
79 69
79 70
79 71
79 72
79 73
79 75
79 77
79 80
79 83
79 85
79 87
79 88
79 90
79 91
79 92
79 97
80 2
80 3
80 4
80 5
80 6
80 8
80 12
80 13
80 14
80 17
80 18
80 19
80 21
80 22
80 26
80 30
80 31
80 32
80 36
80 44
80 45
80 47
80 50
80 51
80 54
80 56
80 59
80 60
80 63
80 64
80 65
80 68
80 70
80 71
80 72
80 73
80 75
80 77
80 78
80 79
80 82
80 83
80 87
80 89
80 92
80 95
80 96
80 97
80 98
80 99
81 5
81 6
81 7
81 8
81 9
81 11
81 12
81 13
81 14
81 15
81 16
81 17
81 19
81 20
81 21
81 22
81 23
81 24
81 28
81 29
81 31
81 32
81 35
81 36
81 39
81 40
81 42
81 43
81 44
81 45
81 48
81 49
81 51
81 52
81 53
81 55
81 56
81 59
81 60
81 61
81 64
81 65
81 66
81 67
81 68
81 73
81 75
81 77
81 78
81 83
81 85
81 87
81 89
81 93
81 94
81 95
81 97
81 98
82 0
82 12
82 13
82 14
82 20
82 21
82 22
82 23
82 24
82 27
82 28
82 29
82 31
82 35
82 38
82 39
82 45
82 47
82 48
82 50
82 53
82 54
82 56
82 59
82 61
82 62
82 63
82 68
82 70
82 71
82 73
82 74
82 75
82 76
82 80
82 84
82 85
82 88
82 90
82 91
82 92
82 94
82 97
82 98
82 99
83 1
83 2
83 3
83 6
83 8
83 9
83 10
83 13
83 14
83 15
83 18
83 20
83 23
83 24
83 25
83 28
83 30
83 31
83 33
83 35
83 42
83 43
83 46
83 47
83 53
83 54
83 56
83 57
83 60
83 61
83 62
83 63
83 64
83 67
83 68
83 71
83 75
83 76
83 79
83 80
83 81
83 85
83 86
83 87
83 88
83 91
83 92
83 94
83 95
83 96
83 97
83 98
83 99
84 1
84 3
84 9
84 14
84 15
84 16
84 18
84 20
84 25
84 28
84 29
84 30
84 31
84 33
84 36
84 39
84 40
84 41
84 44
84 45
84 47
84 49
84 50
84 51
84 53
84 54
84 56
84 58
84 59
84 60
84 61
84 62
84 67
84 69
84 71
84 72
84 73
84 74
84 76
84 82
84 85
84 88
84 90
84 91
84 93
84 94
85 0
85 2
85 3
85 12
85 14
85 20
85 22
85 23
85 24
85 27
85 28
85 30
85 31
85 37
85 38
85 44
85 45
85 46
85 48
85 50
85 51
85 52
85 57
85 61
85 62
85 63
85 64
85 67
85 71
85 72
85 73
85 76
85 77
85 78
85 79
85 81
85 82
85 83
85 84
85 86
85 88
85 89
85 91
85 92
85 93
85 95
85 96
85 97
85 99
86 0
86 2
86 5
86 7
86 8
86 10
86 11
86 12
86 14
86 21
86 26
86 29
86 30
86 33
86 36
86 39
86 40
86 41
86 42
86 43
86 45
86 46
86 47
86 51
86 54
86 55
86 56
86 58
86 61
86 63
86 64
86 65
86 67
86 71
86 72
86 74
86 75
86 76
86 77
86 83
86 85
86 87
86 88
86 91
86 92
86 94
86 96
86 99
87 1
87 2
87 3
87 5
87 9
87 10
87 11
87 12
87 13
87 14
87 15
87 16
87 17
87 18
87 19
87 20
87 21
87 22
87 23
87 26
87 29
87 36
87 42
87 43
87 45
87 47
87 49
87 56
87 57
87 59
87 60
87 62
87 64
87 65
87 68
87 69
87 70
87 72
87 73
87 74
87 76
87 77
87 79
87 80
87 81
87 83
87 86
87 89
87 90
87 91
87 92
87 94
87 95
87 96
88 0
88 1
88 3
88 5
88 6
88 10
88 11
88 13
88 16
88 18
88 23
88 24
88 25
88 26
88 29
88 30
88 31
88 34
88 35
88 36
88 39
88 41
88 42
88 46
88 47
88 48
88 49
88 51
88 53
88 54
88 57
88 58
88 59
88 61
88 62
88 63
88 65
88 70
88 71
88 73
88 74
88 75
88 76
88 77
88 79
88 82
88 83
88 84
88 85
88 86
88 89
88 94
88 96
88 98
88 99
89 2
89 3
89 5
89 7
89 9
89 12
89 16
89 18
89 21
89 23
89 25
89 26
89 27
89 29
89 31
89 32
89 34
89 36
89 37
89 38
89 39
89 40
89 41
89 46
89 50
89 51
89 52
89 53
89 55
89 57
89 59
89 63
89 68
89 71
89 72
89 73
89 74
89 76
89 77
89 80
89 81
89 85
89 87
89 88
89 90
89 91
89 93
89 96
89 97
90 0
90 2
90 3
90 6
90 7
90 8
90 11
90 13
90 14
90 20
90 21
90 22
90 23
90 24
90 28
90 30
90 31
90 34
90 36
90 38
90 39
90 41
90 45
90 48
90 49
90 53
90 55
90 56
90 61
90 62
90 66
90 67
90 73
90 74
90 75
90 77
90 79
90 82
90 84
90 87
90 89
90 91
90 94
90 95
90 98
91 0
91 1
91 2
91 3
91 4
91 5
91 6
91 9
91 10
91 11
91 13
91 16
91 17
91 20
91 23
91 28
91 31
91 32
91 34
91 37
91 38
91 40
91 43
91 49
91 50
91 51
91 55
91 56
91 57
91 59
91 63
91 65
91 66
91 67
91 68
91 72
91 73
91 74
91 75
91 76
91 77
91 79
91 82
91 83
91 84
91 85
91 86
91 87
91 89
91 90
91 93
91 94
91 96
91 97
91 98
92 1
92 4
92 6
92 8
92 9
92 12
92 13
92 14
92 18
92 21
92 22
92 23
92 24
92 25
92 26
92 28
92 29
92 31
92 33
92 34
92 35
92 37
92 39
92 40
92 41
92 44
92 46
92 47
92 49
92 51
92 54
92 58
92 59
92 62
92 63
92 64
92 65
92 68
92 69
92 70
92 75
92 76
92 79
92 80
92 82
92 83
92 85
92 86
92 87
92 93
92 94
92 96
92 97
92 98
93 0
93 2
93 6
93 7
93 10
93 11
93 14
93 15
93 18
93 19
93 20
93 23
93 25
93 26
93 27
93 28
93 29
93 31
93 33
93 35
93 36
93 37
93 38
93 43
93 46
93 47
93 48
93 50
93 52
93 53
93 55
93 57
93 58
93 59
93 62
93 63
93 64
93 66
93 68
93 70
93 74
93 75
93 81
93 84
93 85
93 89
93 91
93 92
93 94
93 95
93 99
94 0
94 1
94 2
94 4
94 5
94 6
94 8
94 11
94 14
94 18
94 19
94 20
94 21
94 22
94 23
94 24
94 25
94 29
94 31
94 33
94 34
94 39
94 42
94 44
94 46
94 48
94 49
94 51
94 52
94 55
94 58
94 59
94 60
94 63
94 64
94 65
94 67
94 68
94 70
94 71
94 72
94 73
94 74
94 75
94 76
94 77
94 81
94 82
94 83
94 84
94 86
94 87
94 88
94 90
94 91
94 92
94 93
94 96
94 97
95 0
95 6
95 8
95 9
95 10
95 11
95 12
95 15
95 16
95 17
95 19
95 22
95 23
95 25
95 26
95 27
95 28
95 33
95 34
95 36
95 39
95 42
95 45
95 46
95 47
95 50
95 51
95 53
95 54
95 55
95 56
95 57
95 58
95 59
95 62
95 65
95 67
95 71
95 75
95 78
95 80
95 81
95 83
95 85
95 87
95 90
95 93
95 97
96 0
96 2
96 4
96 5
96 8
96 9
96 11
96 13
96 18
96 19
96 21
96 31
96 32
96 34
96 36
96 37
96 38
96 43
96 45
96 46
96 47
96 49
96 50
96 53
96 54
96 56
96 57
96 59
96 60
96 62
96 64
96 66
96 67
96 69
96 70
96 71
96 72
96 73
96 80
96 83
96 85
96 86
96 87
96 88
96 89
96 91
96 92
96 94
96 99
97 0
97 1
97 2
97 4
97 6
97 7
97 8
97 10
97 12
97 13
97 18
97 21
97 24
97 26
97 28
97 32
97 33
97 34
97 36
97 37
97 38
97 39
97 40
97 45
97 47
97 50
97 51
97 53
97 55
97 56
97 58
97 59
97 61
97 62
97 66
97 68
97 71
97 72
97 73
97 74
97 75
97 79
97 80
97 81
97 82
97 83
97 85
97 89
97 91
97 92
97 94
97 95
97 98
97 99
98 0
98 2
98 4
98 5
98 7
98 9
98 11
98 13
98 17
98 18
98 21
98 23
98 26
98 27
98 31
98 32
98 35
98 36
98 38
98 41
98 43
98 45
98 47
98 48
98 49
98 50
98 51
98 52
98 53
98 55
98 56
98 57
98 58
98 61
98 62
98 63
98 80
98 81
98 82
98 83
98 88
98 90
98 91
98 92
98 97
99 2
99 3
99 4
99 7
99 8
99 10
99 11
99 12
99 17
99 22
99 25
99 29
99 31
99 33
99 38
99 39
99 43
99 45
99 48
99 49
99 50
99 51
99 52
99 54
99 55
99 56
99 58
99 59
99 60
99 61
99 63
99 64
99 65
99 66
99 67
99 68
99 69
99 70
99 71
99 74
99 75
99 76
99 78
99 80
99 82
99 83
99 85
99 86
99 88
99 93
99 96
99 97
-1 -1